TDRS 3                  
1 19548U 88091B   20209.81551459 -.00000312  00000-0  00000-0 0  9991
2 19548  14.1541 357.0597 0033239 322.3509 231.0178  1.00263659103845
FLTSATCOM 8 (USA 46)    
1 20253U 89077A   20209.87849057 -.00000092  00000-0  00000-0 0  9996
2 20253  13.0220   5.1947 0004139  99.3404 229.6126  1.00273191239077
SKYNET 4C               
1 20776U 90079A   20209.54508321  .00000113  00000-0  00000-0 0  9993
2 20776  13.9588   5.5657 0002429 129.2093  40.5836  1.00276906109354
TDRS 5                  
1 21639U 91054B   20209.73481442  .00000071  00000-0  00000-0 0  9994
2 21639  14.3104  10.3530 0027131  16.8041  15.5286  1.00265855106154
TDRS 6                  
1 22314U 93003B   20209.83750545 -.00000309  00000-0  00000+0 0  9999
2 22314  14.0446  13.4963 0008065  86.6642 101.1923  1.00264048100812
UFO 2 (USA 95)          
1 22787U 93056A   20209.87138664  .00000114  00000-0  00000-0 0  9991
2 22787  11.2936  15.0881 0004520 134.6591 138.6618  1.00273025 97024
USA 99 (MILSTAR-1 1)    
1 22988U 94009A   20209.52257633 -.00000246  00000-0  00000+0 0  9999
2 22988  14.2127  50.6103 0001665  84.7303 279.3623  1.00120963 10089
ASTRA 1D                
1 23331U 94070A   20210.02618934 -.00000282  00000-0  00000+0 0  9992
2 23331   9.1600  41.9563 0003336  82.2198 118.4032  1.00274131 94600
USA 107 (DSP 17)        
1 23435U 94084A   20209.46182773 -.00000178  00000-0  00000+0 0  9999
2 23435  14.5585  11.5631 0003037  84.4143 279.3665  1.00269868 10134
UFO 4 (USA 108)         
1 23467U 95003A   20209.78794806 -.00000036  00000-0  00000+0 0  9990
2 23467   9.8333  20.7276 0006058  84.9289 296.1288  1.00270516 93407
AMSC 1                  
1 23553U 95019A   20209.51716770 -.00000111  00000-0  00000-0 0  9993
2 23553  11.3003  30.9094 0007027  43.2253 311.2037  1.00272217 92604
TDRS 7                  
1 23613U 95035B   20210.00377833 -.00000213  00000-0  00000+0 0  9999
2 23613  14.1876   4.1831 0029196  36.7080 351.3417  1.00268845 91594
USA 113                 
1 23628U 95038A   20209.91792958 -.00000351  00000-0  00000+0 0  9998
2 23628  11.4717  29.7626 0001722  55.2372 295.0650  1.00266830 10040
USA 115 (MILSTAR-1 2)   
1 23712U 95060A   20209.51542297 -.00000042  00000-0  00000-0 0  9990
2 23712  13.2308  19.6160 0001380  90.9241 265.8178  1.00125206 11347
INMARSAT 3-F1           
1 23839U 96020A   20209.52344869 -.00000238  00000-0  00000-0 0  9990
2 23839   6.1499  62.1071 0006936  58.2319 298.8996  0.99984658 88741
ASTRA 1F                
1 23842U 96021A   20210.12139521  .00000129  00000-0  00000+0 0  9997
2 23842   0.0690 301.0868 0005507 191.1342 262.0046  1.00270475 88776
MSAT M1                 
1 23846U 96022A   20209.84492399 -.00000101  00000-0  00000-0 0  9996
2 23846   9.3360  41.3037 0005627  57.9686  43.3720  1.00272054 88854
INMARSAT 3-F2           
1 24307U 96053A   20209.85791126 -.00000157  00000-0  00000-0 0  9995
2 24307   4.9906  71.6735 0007978  30.2601 315.7510  1.00007125 87416
AMC-1 (GE-1)            
1 24315U 96054A   20209.72758078  .00000054  00000-0  00000-0 0  9995
2 24315   4.0236  78.4771 0003232  36.2295 322.1710  1.00272644 24753
INMARSAT 3-F3           
1 24674U 96070A   20209.78925660  .00000021  00000-0  00000-0 0  9994
2 24674   5.6849  66.0139 0005507  59.8665 282.2604  1.00274047 86405
AMC-2 (GE-2)            
1 24713U 97002A   20209.52144226 -.00000226  00000-0  00000-0 0  9995
2 24713   6.4466  60.1709 0006146  58.5600 289.7806  1.00272619 86012
INTELSAT 26 (IS-26)     
1 24732U 97007A   20210.12523358 -.00000009  00000-0  00000+0 0  9994
2 24732   9.0948  42.7446 0004296  42.6836 329.5294  1.00272452 85726
USA 130 (DSP 18)        
1 24737U 97008A   20209.82852133  .00000014  00000-0  00000+0 0  9996
2 24737  13.5880  19.4316 0001219 337.6053 255.2217  1.00264199 10045
GALAXY 25 (G-25)        
1 24812U 97026A   20209.83200219  .00000144  00000-0  00000-0 0  9998
2 24812   2.0164  90.1441 0003323  44.7685 143.4291  1.00273533 84815
INTELSAT 5 (IS-5)       
1 24916U 97046A   20209.72618500  .00000077  00000-0  00000+0 0  9993
2 24916   5.7891  65.3511 0003579  56.1748 308.7384  1.00272930 84054
AMC-3 (GE-3)            
1 24936U 97050A   20209.81115281 -.00000271  00000-0  00000-0 0  9996
2 24936   2.8947  85.4558 0003194  47.8960  32.5866  1.00270324 30879
NSS-5                   
1 24957U 97053A   20209.76378368  .00000092  00000-0  00000-0 0  9993
2 24957   6.0454  63.5655 0003461  49.4576 158.3182  1.00273404 83614
USA 134                 
1 25019U 97065A   20209.51603365 -.00000072  00000-0  00000-0 0  9996
2 25019  10.2631  35.8215 0003310 342.6580   0.7695  1.00267426 11389
ASTRA 1G                
1 25071U 97076A   20210.12523358  .00000006  00000-0  00000+0 0  9993
2 25071   4.7038  72.9955 0003769  44.5205 297.0290  1.00270696 82977
INMARSAT 3-F5           
1 25153U 98006B   20209.45576683 -.00000301  00000-0  00000+0 0  9990
2 25153   4.8952  70.0484 0004720  51.4060 294.2440  1.00270850 82321
UFO 8 (USA 138)         
1 25258U 98016A   20209.78794806 -.00000035  00000-0  00000+0 0  9996
2 25258   8.7064  32.6203 0004424  79.6303 289.0635  1.00276646 82013
ASTRA 2A                
1 25462U 98050A   20209.83226389  .00000137  00000-0  00000-0 0  9996
2 25462   1.7193  92.8264 0002453  51.0585 135.7686  1.00066281 24805
JCSAT-4A                
1 25630U 99006A   20209.85258986 -.00000322  00000-0  00000-0 0  9992
2 25630   4.6873  73.7711 0003459 162.8059 152.3167  1.00272274 29049
SKYNET 4E               
1 25639U 99009B   20209.68169469 -.00000045  00000-0  00000-0 0  9994
2 25639  10.8953  20.8062 0002457 105.0092  64.2032  1.00272619 29833
ASIASAT 3S              
1 25657U 99013A   20210.05339638 -.00000239  00000-0  00000+0 0  9993
2 25657   4.8762  72.2290 0003754  27.5667  13.0926  1.00270427 78265
NIMIQ 1                 
1 25740U 99027A   20209.87998194 -.00000209  00000-0  00000-0 0  9995
2 25740   1.1897  93.9372 0005555  33.6392  48.6768  1.00272110 77495
ABS-7                   
1 25894U 99046A   20209.99216734 -.00000373  00000-0  00000+0 0  9993
2 25894   1.0682  94.6478 0003223  24.7843 299.9560  1.00273704 75582
ABS-6                   
1 25924U 99053A   20209.42645554 -.00000129  00000-0  00000-0 0  9999
2 25924   0.0340 316.7617 0002917 170.7370 130.5776  1.00271713 76303
TELSTAR 12 (ORION 2)    
1 25949U 99059A   20210.09086264 -.00000076  00000-0  00000+0 0  9994
2 25949   3.4033  83.5378 0005366  27.1960 118.9758  1.00271754 75966
AMC-4 (GE-4)            
1 25954U 99060A   20209.65500049  .00000078  00000-0  00000+0 0  9995
2 25954   0.0727 275.0868 0002798 200.9915 290.5913  1.00271747 75922
UFO 10 (USA 146)        
1 25967U 99063A   20209.83954355 -.00000198  00000-0  00000+0 0  9999
2 25967   7.9077  35.5269 0006000  75.4102 114.6564  1.00270383 75773
GALAXY 11 (G-11)        
1 26038U 99071A   20209.87867341 -.00000173  00000-0  00000-0 0  9994
2 26038   1.3092  95.7320 0000739 340.0680  93.4147  1.00270608 75523
USA 148                 
1 26052U 00001A   20209.78960552  .00000027  00000-0  00000+0 0  9999
2 26052   8.4708  46.3993 0002943  42.5957 321.2851  1.00271920 10069
ASIASTAR                
1 26107U 00016A   20209.98998646 -.00000345  00000-0  00000+0 0  9997
2 26107   4.1012  76.9129 0004501  47.5796 282.9747  1.00267996 74592
USA 149 (DSP 20)        
1 26356U 00024A   20209.72068913  .00000086  00000-0  00000+0 0  9990
2 26356  11.5713  26.1490 0002126  16.5587 357.3171  1.00283333 10042
EUTELSAT 80A            
1 26369U 00028A   20210.12226757  .00000109  00000-0  00000+0 0  9992
2 26369   3.4820  80.8746 0005250  46.8104 270.7862  1.00274530 73917
TDRS 8                  
1 26388U 00034A   20209.73861588 -.00000247  00000-0  00000+0 0  9996
2 26388   9.2911  47.2671 0015373 331.6727 282.1768  1.00272185 73613
INTELSAT 9 (IS-9)       
1 26451U 00043A   20209.45663920 -.00000299  00000-0  00000+0 0  9993
2 26451   5.7772  65.5574 0002543  48.4109 306.0050  1.00272017 73273
BRASILSAT B4            
1 26469U 00046A   20209.59175442 -.00000183  00000-0  00000+0 0  9999
2 26469   4.0728  78.2513 0003058  45.4267 303.0777  1.00272170 73063
ASTRA 2B                
1 26494U 00054A   20209.82938510  .00000105  00000-0  00000-0 0  9999
2 26494   4.6027  73.6174 0005071  42.5831 147.9021  1.00270301 25320
NSS-11 (AAP-1)          
1 26554U 00059A   20210.07591382  .00000015  00000-0  00000+0 0  9991
2 26554   0.0433 284.5554 0002585 185.3013  39.6619  1.00271089 72616
USA 153                 
1 26575U 00065A   20209.85232816 -.00000336  00000-0  00000-0 0  9997
2 26575   7.9589  49.6717 0001566  18.2824 319.3958  1.00278203 11364
AMC-6 (GE-6)            
1 26580U 00067A   20210.09042646 -.00000015  00000-0  00000+0 0  9996
2 26580   0.0263 318.1978 0000157  82.6709 186.4972  0.99972960 72429
INTELSAT 12 (IS-12)     
1 26590U 00068A   20209.83828316  .00000001  00000-0  00000-0 0  9999
2 26590   3.0235  85.9099 0005370  46.0090 180.0539  1.00270802 30156
INTELSAT 1R (IS-1R)     
1 26608U 00072A   20210.14390207 -.00000150  00000-0  00000+0 0  9998
2 26608   2.8202  86.3593 0000047 278.6632 150.1278  1.00271666 72098
ANIK F1                 
1 26624U 00076A   20210.09121156 -.00000084  00000-0  00000+0 0  9995
2 26624   0.0291 118.7659 0003236  24.5668  88.4015  1.00272941 72164
ASTRA 2D                
1 26638U 00081A   20209.76509222  .00000050  00000-0  00000-0 0  9995
2 26638   5.8701  64.4921 0001768  63.6556 150.4066  1.00270770 31344
AMC-8 (GE-8)            
1 26639U 00081B   20210.01388909  .00000077  00000-0  00000+0 0  9991
2 26639   0.7549  95.4951 0002658  30.2809  50.3503  1.00271253 71712
USA 157 (MILSTAR-2 2)   
1 26715U 01009A   20210.10368105 -.00000321  00000-0  00000+0 0  9996
2 26715   9.3646  30.3508 0002292  94.7751 356.2045  1.00272187 10080
EUTELSAT 133 WEST A     
1 26719U 01011A   20209.65543667  .00000067  00000-0  00000+0 0  9995
2 26719   2.0559  88.6343 0004942  36.2281 283.9872  1.00270854 71016
INTELSAT 10 (IS-10)     
1 26766U 01019A   20210.12209309  .00000111  00000-0  00000+0 0  9991
2 26766   3.9804  78.7237 0002112  51.6248 267.3367  1.00273115 70369
INTELSAT 901 (IS-901)   
1 26824U 01024A   20210.03534911 -.00000212  00000-0  00000+0 0  9995
2 26824   0.0504 256.4483 0001268 247.1072 147.8270  1.00270492 70028
ASTRA 2C                
1 26853U 01025A   20209.83017022  .00000124  00000-0  00000-0 0  9995
2 26853   2.9206  85.2276 0002675  34.2254 149.0232  1.00272547 23492
USA 159 (DSP 21)        
1 26880U 01033A   20209.33045395 -.00000308  00000-0  00000-0 0  9998
2 26880  10.8028  30.0988 0001055 344.4616   0.8235  1.00274289 11397
INTELSAT 902 (IS-902)   
1 26900U 01039A   20210.10263948 -.00000293  00000-0  00000+0 0  9992
2 26900   0.7136  96.4672 0001975  78.8619 117.7522  1.00271013 69219
EUTELSAT 12 WEST B      
1 26927U 01042A   20210.11014176 -.00000111  00000-0  00000+0 0  9992
2 26927   1.1644  93.3148 0007094  21.8177 218.2342  1.00271911 68961
USA 164 (MILSTAR-2 3)   
1 27168U 02001A   20209.87240834  .00000088  00000-0  00000-0 0  9992
2 27168   8.8065  31.7570 0002363 101.2359 146.0169  1.00269456 11395
ECHOSTAR 7              
1 27378U 02006A   20210.08894344 -.00000010  00000-0  00000+0 0  9991
2 27378   0.0454 267.3288 0000894 222.4382  89.6524  1.00271650 67506
INTELSAT 904 (IS-904)   
1 27380U 02007A   20209.81935299 -.00000224  00000-0  00000-0 0  9997
2 27380   1.5521  93.0160 0003025  36.5019  81.8683  1.00271964 30208
TDRS 9                  
1 27389U 02011A   20210.02828300 -.00000300  00000-0  00000+0 0  9994
2 27389   7.5730  67.0603 0022869 286.2195 260.6495  1.00265389 68870
JCSAT-2A                
1 27399U 02015A   20210.05715810 -.00000168  00000-0  00000+0 0  9995
2 27399   2.9977  85.0112 0006969   5.4927 318.2032  1.00270967 67059
ASTRA 3A                
1 27400U 02015B   20209.59262678 -.00000215  00000-0  00000-0 0  9998
2 27400   5.9961  63.2734 0001357  54.7067 314.2724  1.00269036 67165
NSS-7                   
1 27414U 02019A   20209.82153389 -.00000170  00000-0  00000-0 0  9991
2 27414   4.3241  76.4691 0002363  45.3472  99.8701  1.00271980 67001
DIRECTV 5 (TEMPO 1)     
1 27426U 02023A   20210.09068815 -.00000066  00000-0  00000+0 0  9992
2 27426   0.0181  74.5573 0003373  49.9439 104.2240  1.00271938 66756
INTELSAT 905 (IS-905)   
1 27438U 02027A   20209.74877911 -.00000195  00000-0  00000-0 0  9998
2 27438   1.3724  93.9289 0002716  33.3411  63.6486  1.00272699 29813
GALAXY 3C (G-3C)        
1 27445U 02030A   20208.94511465 -.00000162  00000-0  00000+0 0  9993
2 27445   0.0127  57.4426 0001440 329.4301 163.4146  1.00285085 66380
EUTELSAT 5 WEST A       
1 27460U 02035A   20209.82449990 -.00000052  00000-0  00000-0 0  9995
2 27460   0.6578  96.7815 0005037  29.8059 111.2006  1.00271796 66052
N-STAR C                
1 27461U 02035B   20209.92359991 -.00000270  00000-0  00000+0 0  9999
2 27461   6.7236  58.7092 0007917 162.8873 189.0676  0.98954757 66098
METEOSAT-8 (MSG-1)      
1 27509U 02040B   20209.76195172  .00000123  00000-0  00000-0 0  9996
2 27509   6.7926  53.9331 0002302  41.3131 166.4990  1.00279105 65695
INTELSAT 906 (IS-906)   
1 27513U 02041A   20210.12540806  .00000004  00000-0  00000+0 0  9999
2 27513   0.3780  99.6655 0002987  44.1419 271.7357  1.00273150 65414
HISPASAT 30W-4          
1 27528U 02044A   20209.72513817  .00000107  00000-0  00000+0 0  9998
2 27528   1.1691  93.5344 0005388   9.5146 320.8015  1.00270881 65389
TDRS 10                 
1 27566U 02055A   20209.79108854  .00000080  00000-0  00000+0 0  9990
2 27566   6.9739  53.4347 0005825 310.7995  55.5619  1.00280033 64662
NSS-6                   
1 27603U 02057A   20209.86349438  .00000098  00000-0  00000-0 0  9997
2 27603   0.0308 247.9840 0005005 251.3504 307.9982  1.00271543 64488
NIMIQ 2                 
1 27632U 02062A   20209.45428382 -.00000251  00000-0  00000-0 0  9998
2 27632   4.4371  75.7354 0004445  38.5983 293.2428  0.99664820 22610
USA 167                 
1 27691U 03008A   20209.65596007  .00000043  00000-0  00000+0 0  9993
2 27691   6.7186  58.6591 0003949  11.9450 341.2291  1.00270581 10067
USA 169 (MILSTAR-2 4)   
1 27711U 03012A   20199.74291049  .00000080  00000-0  00000+0 0  9998
2 27711   9.1099  44.6816 0002612  72.3421 281.0712  0.99987873  9973
GALAXY 12 (G-12)        
1 27715U 03013B   20209.65622178  .00000048  00000-0  00000+0 0  9990
2 27715   1.5876  92.3296 0001977  32.8245 287.8585  1.00272368 63449
ASIASAT 4               
1 27718U 03014A   20209.83313625  .00000144  00000-0  00000-0 0  9996
2 27718   0.0088  68.8560 0001880  60.2245 154.9884  1.00269673 23730
HELLAS-SAT 2            
1 27811U 03020A   20209.87832447 -.00000161  00000-0  00000-0 0  9999
2 27811   2.0067  91.8402 0002560  18.1525  56.9885  1.00271511 21287
THURAYA-2               
1 27825U 03026A   20209.68906149  .00000116  00000-0  00000-0 0  9999
2 27825   5.9564  33.0449 0004927  92.5874 112.2453  1.00274234 62789
OPTUS C1                
1 27831U 03028B   20210.14364036 -.00000161  00000-0  00000+0 0  9994
2 27831   1.5139  94.0127 0006595  27.2238  32.4421  1.00271712 62762
GALAXY 23 (G-23)        
1 27854U 03034A   20209.72958722  .00000003  00000-0  00000+0 0  9993
2 27854   0.0661 266.5682 0003128 226.0399 314.8949  1.00272863 66987
USA 170                 
1 27875U 03040A   20209.45812220 -.00000285  00000-0  00000+0 0  9998
2 27875   5.9643  64.1640 0006673  58.6017 305.2780  1.00268334 10067
GALAXY 13 (HORIZONS 1)  
1 27954U 03044A   20210.08728595  .00000038  00000-0  00000+0 0  9997
2 27954   0.0160  63.9623 0000222  71.8342  74.8346  1.00272870 61596
YAMAL 202               
1 28089U 03053A   20210.27200809 -.00000090  00000-0  00000+0 0  9990
2 28089   0.9452  95.0588 0006457  18.0562  94.6939  1.00271459 61127
UFO 11 (USA 174)        
1 28117U 03057A   20210.12750171 -.00000107  00000-0  00000+0 0  9991
2 28117   6.0966  37.4730 0003641  28.6721   0.7784  1.00272141 60866
USA 176 (DSP 22)        
1 28158U 04004A   20209.73992295 -.00000229  00000-0  00000+0 0  9994
2 28158   9.2119  39.0215 0001364  76.5517 183.9217  1.00267670 10048
ABS-4 (MOBISAT-1)       
1 28184U 04007A   20210.18035316  .00000030  00000-0  00000+0 0  9998
2 28184   0.6268  96.4928 0005137  28.9285 306.7735  1.00272957 60027
EUTELSAT 7A             
1 28187U 04008A   20209.90813510  .00000144  00000-0  00000-0 0  9997
2 28187   0.4225  88.6945 0000901  25.6949 189.5084  1.00273399 59795
DIRECTV 7S              
1 28238U 04016A   20209.72993615 -.00000008  00000-0  00000+0 0  9997
2 28238   0.0378 258.9205 0003059 224.5030 326.1277  1.00272169 59490
AMC-11 (GE-11)          
1 28252U 04017A   20209.65578560  .00000060  00000-0  00000-0 0  9992
2 28252   0.0401 293.1021 0002764 186.5172 291.2364  1.00272980 59317
INTELSAT 10-02          
1 28358U 04022A   20209.89708019 -.00000021  00000-0  00000-0 0  9993
2 28358   0.0163  98.0268 0003085  23.4560 146.4804  1.00271679 59090
ANIK F2                 
1 28378U 04027A   20210.09042646 -.00000060  00000-0  00000+0 0  9993
2 28378   0.0246 302.2662 0000150  88.4097 196.9963  1.00272174 58791
AMC-15                  
1 28446U 04041A   20209.66093252 -.00000098  00000-0  00000+0 0  9996
2 28446   0.0523 288.5598 0002631 197.9018 312.2130  1.00270270 57786
AMC-16                  
1 28472U 04048A   20209.52135503 -.00000215  00000-0  00000+0 0  9994
2 28472   0.0544 282.6410 0002769 202.4242 283.2597  1.00270739 57255
NSS-10 (AMC-12)         
1 28526U 05003A   20210.10516931 -.00000262  00000-0  00000+0 0  9992
2 28526   1.1138  94.2554 0003075  32.5476 179.8134  1.00270135 56755
XTAR-EUR                
1 28542U 05005A   20209.07174273  .00000142  00000-0  00000-0 0  9992
2 28542   0.0168  92.6695 0002541  30.7241 236.6203  1.00271425 56627
XM-3 (RHYTHM)           
1 28626U 05008A   20209.52135503 -.00000215  00000-0  00000+0 0  9992
2 28626   0.0116 296.7774 0000308 149.7466 321.7046  1.00269913 56504
INMARSAT 4-F1           
1 28628U 05009A   20209.85407287 -.00000271  00000-0  00000-0 0  9995
2 28628   3.1943  27.4920 0003025 100.1999 269.2490  1.00273242 56117
APSTAR 6                
1 28638U 05012A   20210.14512337 -.00000096  00000-0  00000+0 0  9991
2 28638   1.7421  91.7798 0004315  17.6575  51.9528  1.00271694 80850
DIRECTV 8               
1 28659U 05019A   20209.59231347 -.00000125  00000-0  00000+0 0  9990
2 28659   0.0214 291.5192 0003038 187.5989 299.0743  1.00271229 55625
GALAXY 28 (G-28)        
1 28702U 05022A   20209.87954576 -.00000195  00000-0  00000-0 0  9998
2 28702   0.0248  80.7744 0001412 338.3235 114.5222  1.00271088 30557
EXPRESS-AM3             
1 28707U 05023A   20210.06134543 -.00000333  00000-0  00000+0 0  9994
2 28707   1.9305  90.5061 0002393 356.2386 344.5568  1.00271866 55270
THAICOM 4               
1 28786U 05028A   20209.84927490 -.00000372  00000-0  00000-0 0  9995
2 28786   0.0130  87.0745 0002747  38.3918 245.7314  1.00272469 30707
GALAXY 14 (G-14)        
1 28790U 05030A   20210.01589551  .00000027  00000-0  00000+0 0  9991
2 28790   0.0420 292.5131 0002544 191.7287  62.6107  1.00271490 54743
ANIK F1R                
1 28868U 05036A   20210.09121156 -.00000084  00000-0  00000+0 0  9998
2 28868   0.0141  57.0320 0002443  34.0458 140.6456  1.00271622 54594
GALAXY 15 (G-15)        
1 28884U 05041A   20210.08606465  .00000069  00000-0  00000+0 0  9994
2 28884   0.0724 272.7293 0001688 207.8312  83.6135  1.00272703 54066
SYRACUSE 3A             
1 28885U 05041B   20210.12200584  .00000119  00000-0  00000+0 0  9998
2 28885   0.0196  88.7061 0002885  30.1216 278.3048  1.00270959 54177
INMARSAT 4-F2           
1 28899U 05044A   20209.71369345  .00000000  00000-0  00000+0 0  9999
2 28899   3.0467  30.2941 0003043  99.1164 137.2444  1.00272608 53938
TELKOM 2                
1 28902U 05046A   20209.85677719 -.00000148  00000-0  00000-0 0  9993
2 28902   0.0095  42.2118 0000792 104.5238 264.6455  1.00271743 53876
SPACEWAY 2              
1 28903U 05046B   20209.72601053  .00000094  00000-0  00000+0 0  9996
2 28903   0.2825  94.2592 0000688 323.7811  10.2592  1.00271952 53935
METEOSAT-9 (MSG-2)      
1 28912U 05049B   20209.82615737  .00000005  00000-0  00000-0 0  9997
2 28912   4.5076  69.9956 0002566  15.0672 161.5701  1.00271941 53475
EUTELSAT 174A           
1 28924U 05052A   20210.07556487 -.00000001  00000-0  00000+0 0  9995
2 28924   0.0632  15.9223 0006291 109.8025  21.6533  1.00270859 53429
ECHOSTAR 10             
1 28935U 06003A   20210.09060091 -.00000065  00000-0  00000+0 0  9997
2 28935   0.0400 258.1449 0001420 207.8328 122.6419  1.00271065 52951
SPAINSAT                
1 28945U 06007A   20209.23509222 -.00000225  00000-0  00000-0 0  9999
2 28945   0.0561 249.5999 0004191 262.2236 208.1887  1.00272452 52652
EUTELSAT HOT BIRD 13E   
1 28946U 06007B   20209.82807656  .00000077  00000-0  00000-0 0  9991
2 28946   0.0523 245.6989 0006650 258.1185 113.2235  1.00271523 52747
JCSAT-5A                
1 29045U 06010A   20209.99539507 -.00000338  00000-0  00000+0 0  9991
2 29045   0.0105 308.0547 0001948 180.9123 307.5400  1.00270649 52387
ASTRA 1KR               
1 29055U 06012A   20210.11642274  .00000110  00000-0  00000+0 0  9993
2 29055   0.0474 253.0546 0003186 279.4022 194.9025  1.00274915 52182
GOES 13                 
1 29155U 06018A   20209.90955492  .00000028  00000-0  00000-0 0  9993
2 29155   0.0782 225.7410 0006849 326.4625 142.7009  1.00267756 21805
EUTELSAT 113 WEST A     
1 29162U 06020A   20209.87474779 -.00000047  00000-0  00000-0 0  9996
2 29162   0.0033 171.6015 0003124 321.9588  14.3381  1.00272147 51926
GALAXY 16 (G-16)        
1 29236U 06023A   20209.66215383 -.00000136  00000-0  00000+0 0  9990
2 29236   0.0115  52.9107 0003038  79.0575 313.1844  1.00270561 51701
EUTELSAT HOT BIRD 13B   
1 29270U 06032A   20210.08050806  .00000078  00000-0  00000+0 0  9997
2 29270   0.0600 358.8396 0002627 111.1709 238.1763  1.00277569 51303
JCSAT-3A                
1 29272U 06033A   20209.99452271 -.00000355  00000-0  00000+0 0  9999
2 29272   0.0061 243.8088 0002741 247.9962 300.3317  1.00270851 51206
SYRACUSE 3B             
1 29273U 06033B   20210.08004306 -.00000054  00000-0  00000+0 0  9990
2 29273   0.0188  82.7919 0005975  35.8238 211.1879  1.00270895 51190
KOREASAT 5 (MUGUNGWHA 5)
1 29349U 06034A   20209.91984876 -.00000368  00000-0  00000-0 0  9993
2 29349   0.0153 131.1367 0001855  25.5342 233.5621  1.00271627 19750
DIRECTV 9S              
1 29494U 06043A   20210.09243288 -.00000123  00000-0  00000+0 0  9998
2 29494   0.0282 184.1459 0003222 303.4502 110.6707  1.00272133 50545
OPTUS D1                
1 29495U 06043B   20210.14451272 -.00000121  00000-0  00000+0 0  9997
2 29495   0.0505 267.8176 0003632 216.0687  34.3822  1.00271720 50582
XM-4 (BLUES)            
1 29520U 06049A   20209.65892611 -.00000032  00000-0  00000+0 0  9993
2 29520   0.0188 153.6730 0000024 331.9458 302.0884  1.00270665 50435
BADR-4                  
1 29526U 06051A   20209.83069365  .00000134  00000-0  00000-0 0  9997
2 29526   0.0525 335.3099 0001624 153.9056 141.7290  1.00269746 29710
WILDBLUE-1              
1 29643U 06054A   20210.09042646 -.00000059  00000-0  00000+0 0  9999
2 29643   0.0139  58.7088 0001970  65.4296 103.4335  1.00270108 49982
AMC-18                  
1 29644U 06054B   20209.72601053  .00000094  00000-0  00000+0 0  9999
2 29644   0.0481 273.7422 0002905 207.1877 307.2691  1.00274851 49992
MEASAT-3                
1 29648U 06056A   20209.84369179 -.00000252  00000-0  00000-0 0  9996
2 29648   0.0295 151.7841 0003655 338.2339 211.1778  1.00271910 28901
INSAT-4B                
1 30793U 07007A   20210.05785598 -.00000198  00000-0  00000+0 0  9996
2 30793   0.5367  97.4293 0002106 108.6295 206.4592  1.00268261 49006
SKYNET 5A               
1 30794U 07007B   20209.84447692 -.00000282  00000-0  00000-0 0  9997
2 30794   0.6591  90.8159 0003710  40.9633 213.4091  1.00273024 49130
ANIK F3                 
1 31102U 07009A   20210.08894344 -.00000011  00000-0  00000+0 0  9990
2 31102   0.0139  90.7881 0002138  37.8824  90.8305  1.00271218 48774
ASTRA 1L                
1 31306U 07016A   20210.11642274  .00000110  00000-0  00000+0 0  9990
2 31306   0.0551 298.4457 0000802 206.0012 222.9107  1.00274498 48488
GALAXY 17 (G-17)        
1 31307U 07016B   20210.09443929 -.00000184  00000-0  00000+0 0  9996
2 31307   0.0107  54.8838 0003619  74.0319 120.2898  1.00271572 48516
ZHONGXING-6B            
1 31800U 07031A   20210.13216830 -.00000371  00000-0  00000+0 0  9993
2 31800   0.0188 115.3756 0003602  14.3341 339.6232  1.00268364 47915
DIRECTV 10              
1 31862U 07032A   20210.09208392 -.00000113  00000-0  00000+0 0  9995
2 31862   0.0105 285.6607 0000143 195.6319 115.3048  1.00272998 47847
SPACEWAY 3              
1 32018U 07036A   20210.09365417 -.00000162  00000-0  00000+0 0  9999
2 32018   0.0357 237.8546 0000085  17.0376 350.0725  1.00273049 47563
BSAT-3A                 
1 32019U 07036B   20209.99094604 -.00000360  00000-0  00000+0 0  9994
2 32019   0.0712 245.3642 0002672 290.3002 237.0242  1.00270797 47505
INSAT-4CR               
1 32050U 07037A   20210.12218032  .00000113  00000-0  00000+0 0  9995
2 32050   1.4311  93.0415 0004091 157.1857 147.8707  1.00273839 47291
OPTUS D2                
1 32252U 07044A   20210.14294248 -.00000193  00000-0  00000+0 0  9991
2 32252   0.0448 265.0043 0003725 219.9422  24.7724  1.00271672 46886
INTELSAT 11 (IS-11)     
1 32253U 07044B   20210.10403524 -.00000279  00000-0  00000+0 0  9992
2 32253   0.0190  79.6689 0001825  65.1382 155.8736  1.00271019 46964
WGS F1 (USA 195)        
1 32258U 07046A   20209.82865896  .00000032  00000-0  00000-0 0  9997
2 32258   0.0133  81.9575 0000578  43.2610 125.0172  1.00278671 30812
STAR ONE C1             
1 32293U 07056A   20210.09967345 -.00000287  00000-0  00000+0 0  9992
2 32293   0.0140  87.8053 0002485  38.6567 150.6318  1.00271503 46543
SKYNET 5B               
1 32294U 07056B   20209.83051917  .00000132  00000-0  00000-0 0  9991
2 32294   0.0698   5.5657 0003611 130.5055 133.9683  1.00269870 46638
ASTRA 4A (SIRIUS 4)     
1 32299U 07057A   20210.11354396  .00000022  00000-0  00000+0 0  9994
2 32299   0.0087  14.9547 0003117 109.0152 227.9326  1.00272091 46409
HORIZONS 2              
1 32388U 07063B   20209.69879292 -.00000192  00000-0  00000+0 0  9997
2 32388   0.0195  65.9679 0002940  48.9831 167.2794  1.00271137 46313
THURAYA-3               
1 32404U 08001A   20210.06047307 -.00000312  00000-0  00000+0 0  9990
2 32404   3.7679  10.6836 0004575  89.6263 326.1375  1.00270750 45970
EXPRESS-AM33            
1 32478U 08003A   20210.13177627 -.00000290  00000-0  00000+0 0  9995
2 32478   0.0432 244.9254 0000569 347.8594 217.3766  1.00271033 46059
THOR 5                  
1 32487U 08006A   20209.82528501 -.00000019  00000-0  00000-0 0  9993
2 32487   0.0529 257.1689 0002525 223.8863 121.2385  1.00272055 45740
AMC-14                  
1 32708U 08011A   20209.75715375  .00000065  00000-0  00000-0 0  9994
2 32708  21.0260  46.9298 0040969   9.8046 179.7039  1.00277419 46597
DIRECTV 11              
1 32729U 08013A   20209.66215383 -.00000135  00000-0  00000-0 0  9992
2 32729   0.0009 156.0395 0000190 358.5553 290.3928  1.00270332 24026
ICO G1                  
1 32763U 08016A   20209.87876065 -.00000182  00000-0  00000-0 0  9998
2 32763   3.6448  13.7245 0002258 108.3279  47.4464  1.00271374 45022
VINASAT-1               
1 32767U 08018A   20209.92359991 -.00000338  00000-0  00000+0 0  9996
2 32767   0.0545 277.8929 0001922 215.7355 276.8429  1.00269288 45033
STAR ONE C2             
1 32768U 08018B   20209.81150175 -.00000274  00000-0  00000-0 0  9998
2 32768   0.0280 127.8005 0002528  15.6520  24.6141  1.00272096 45113
TIANLIAN 1-01           
1 32779U 08019A   20210.12837407 -.00000152  00000-0  00000+0 0  9991
2 32779   4.2095  72.4119 0029206 262.4325  97.6292  1.00272438 44917
AMOS-3                  
1 32794U 08022A   20209.82467436 -.00000045  00000-0  00000-0 0  9990
2 32794   0.0529 258.2072 0002902 218.2615 122.2138  1.00271755 60808
GALAXY 18 (G-18)        
1 32951U 08024A   20209.72915104  .00000016  00000-0  00000-0 0  9993
2 32951   0.0163  70.2558 0002937  52.0964 322.9876  1.00270168 24329
CHINASAT 9 (ZX 9)       
1 33051U 08028A   20210.05925177 -.00000257  00000-0  00000+0 0  9995
2 33051   0.0170  89.8718 0004054  40.8821 288.9620  1.00270464 44455
SKYNET 5C               
1 33055U 08030A   20210.07971528 -.00000150  00000-0  00000+0 0  9997
2 33055   0.0625 356.8094 0004336 143.2931 176.9619  1.00270528 44333
TURKSAT 3A              
1 33056U 08030B   20210.12095902  .00000136  00000-0  00000+0 0  9990
2 33056   0.0205  71.2000 0005292  48.2708 272.2919  1.00274046 44524
INTELSAT 25 (IS-25)     
1 33153U 08034A   20209.81917851 -.00000233  00000-0  00000-0 0  9992
2 33153   0.0179 157.5768 0000766   1.9056  49.8647  1.00270842 44171
BADR-6                  
1 33154U 08034B   20209.83069365  .00000135  00000-0  00000-0 0  9993
2 33154   0.0469  31.9708 0005088  79.8848 159.1180  1.00274813 44199
ECHOSTAR 11             
1 33207U 08035A   20210.09068815 -.00000065  00000-0  00000+0 0  9994
2 33207   0.0450 261.6993 0002930 228.6334  98.5100  1.00259691 44097
SUPERBIRD-C2            
1 33274U 08038A   20209.85416012 -.00000261  00000-0  00000-0 0  9998
2 33274   0.0208  91.9254 0002585  56.6421 248.8581  1.00269191 84169
AMC-21                  
1 33275U 08038B   20210.08772213  .00000026  00000-0  00000+0 0  9991
2 33275   0.0255 319.3309 0003081 173.5018  80.0466  1.00271635 43904
INMARSAT 4-F3           
1 33278U 08039A   20210.09304352 -.00000151  00000-0  00000+0 0  9991
2 33278   3.1394  13.0211 0002877 123.0197 105.6816  1.00271929 43702
NIMIQ 4                 
1 33373U 08044A   20210.09627125 -.00000230  00000-0  00000+0 0  9997
2 33373   0.0217  73.8372 0002174  46.7943 138.2281  1.00270719 43276
GALAXY 19 (G-19)        
1 33376U 08045A   20210.09330524 -.00000149  00000-0  00000+0 0  9994
2 33376   0.0091  21.8665 0003459 103.9206 117.0072  1.00273307 43271
ASTRA 1M                
1 33436U 08057A   20210.11642274  .00000110  00000-0  00000+0 0  9992
2 33436   0.0125 132.9872 0005383   1.7352 232.5959  1.00275675 42923
CIEL-2                  
1 33453U 08063A   20210.01511038  .00000048  00000-0  00000+0 0  9990
2 33453   0.0531 254.9507 0002983 226.5051  61.2552  1.00271604 42585
EUTELSAT HOT BIRD 13C   
1 33459U 08065A   20210.11520146  .00000078  00000-0  00000+0 0  9992
2 33459   0.0418  33.5376 0005777  89.5067 237.6665  1.00277064 42690
EUTELSAT 48D            
1 33460U 08065B   20210.12218032  .00000115  00000-0  00000+0 0  9995
2 33460   0.0775 276.0753 0003685 232.4996 249.7142  1.00267656 42552
FENGYUN 2E              
1 33463U 08066A   20209.55563875 -.00000215  00000-0  00000+0 0  9994
2 33463   4.4221  68.4296 0002934 293.5530 230.2793  1.00276370 42529
EXPRESS-AM44            
1 33595U 09007A   20209.89507375 -.00000098  00000-0  00000-0 0  9996
2 33595   0.0389 243.7704 0000793 313.3832  60.0882  1.00272935 41992
NSS-9                   
1 33749U 09008A   20209.71842101  .00000062  00000-0  00000+0 0  9997
2 33749   0.0428 291.8559 0002233 188.9866 266.6867  1.00270945 42002
EUTELSAT 33E            
1 33750U 09008B   20209.83208941  .00000146  00000-0  00000-0 0  9994
2 33750   0.0504  16.4967 0003471 112.5802 149.4956  1.00269849 41884
TELSTAR 11N             
1 34111U 09009A   20210.10508208 -.00000261  00000-0  00000+0 0  9996
2 34111   0.0243  74.1059 0002838  38.7821 193.6031  1.00268997 41850
EUTELSAT 10A            
1 34710U 09016A   20210.11459080  .00000058  00000-0  00000+0 0  9996
2 34710   0.0635  15.5500 0005289 112.5047 229.4051  1.00271720 41414
WGS F2 (USA 204)        
1 34713U 09017A   20210.18035316  .00000038  00000-0  00000+0 0  9997
2 34713   0.0156  86.5290 0000272  49.1551 295.7459  1.00269949 41385
SES-7 (PROTOSTAR 2)     
1 34941U 09027A   20210.06239226 -.00000355  00000-0  00000+0 0  9997
2 34941   0.0124  82.3287 0000275 240.6648 113.9022  1.00270295 41069
MEASAT-3A               
1 35362U 09032A   20209.84369179 -.00000251  00000-0  00000-0 0  9992
2 35362   0.0457 233.1875 0002394 295.8757 172.1262  1.00270030 40689
GOES 14                 
1 35491U 09033A   20210.09182222 -.00000103  00000-0  00000+0 0  9992
2 35491   0.4159  97.8459 0009386 114.8095  22.1588  1.00269786 40592
SIRIUS FM-5             
1 35493U 09034A   20210.09539889 -.00000210  00000-0  00000+0 0  9999
2 35493   0.0361 274.3051 0000406 178.9696 161.1494  1.00271023 40415
TERRESTAR-1             
1 35496U 09035A   20210.09051368 -.00000067  00000-0  00000+0 0  9994
2 35496   2.5529  18.8870 0002754 113.0052  95.8993  1.00272860 40591
ASIASAT 5               
1 35696U 09042A   20209.70193340 -.00000317  00000-0  00000-0 0  9996
2 35696   0.0481 263.4075 0001513 207.6850 187.9317  1.00268275 40123
JCSAT-RA (JCSAT-12)     
1 35755U 09044A   20210.14625743 -.00000042  00000-0  00000+0 0  9995
2 35755   0.0458 119.9349 0002279   6.5914  41.2707  1.00270652 40104
OPTUS D3                
1 35756U 09044B   20210.14372759 -.00000157  00000-0  00000+0 0  9999
2 35756   0.0283  19.3049 0002965  86.9816  47.7172  1.00271204 40073
PALAPA D                
1 35812U 09046A   20209.83638391 -.00000368  00000-0  00000+0 0  9999
2 35812   0.2653  94.2668 0002818  63.4016 202.3329  1.00270641 40119
NIMIQ 5                 
1 35873U 09050A   20210.09810319 -.00000267  00000-0  00000+0 0  9991
2 35873   0.0352 247.3135 0003355 257.8446 123.6701  1.00271447 39788
AMAZONAS 2              
1 35942U 09054A   20209.45437105 -.00000292  00000-0  00000+0 0  9996
2 35942   0.0235 156.2631 0005741 340.0584 271.8425  1.00271745 39615
COMSATBW-1              
1 35943U 09054B   20210.12514635  .00000014  00000-0  00000+0 0  9998
2 35943   0.0724 100.1168 0003505  17.8087 296.3624  1.00272820 39703
NSS-12                  
1 36032U 09058A   20210.18035316  .00000061  00000-0  00000+0 0  9994
2 36032   0.0216  71.9613 0003047  57.4171 298.8303  1.00271818 39363
THOR 6                  
1 36033U 09058B   20210.08015740 -.00000020  00000-0  00000+0 0  9999
2 36033   0.0392 250.1045 0001886 241.2201 202.8795  1.00270234 39401
INTELSAT 14 (IS-14)     
1 36097U 09064A   20209.81647420 -.00000283  00000-0  00000-0 0  9993
2 36097   0.0222  81.4353 0002685  42.6756  70.7697  1.00269902 39140
EUTELSAT 36B            
1 36101U 09065A   20209.83261282  .00000145  00000-0  00000-0 0  9996
2 36101   0.0634  13.7170 0004431 107.2583 160.5877  1.00270280 39166
INTELSAT 15 (IS-15)     
1 36106U 09067A   20209.69888015 -.00000195  00000-0  00000-0 0  9992
2 36106   0.0232 307.2802 0002402 175.0369 160.2508  1.00270672 39038
WGS F3 (USA 211)        
1 36108U 09068A   20210.11022899 -.00000107  00000-0  00000+0 0  9996
2 36108   0.0236  77.1050 0000523  43.5349 213.2679  1.00270811 38954
DIRECTV 12              
1 36131U 09075A   20210.09208392 -.00000113  00000-0  00000+0 0  9998
2 36131   0.0448 242.8269 0000328 150.7028 203.0256  1.00272164 38823
BEIDOU 3                
1 36287U 10001A   20210.05702253 -.00000291  00000-0  00000+0 0  9999
2 36287   1.4728  28.8290 0005406 109.0584 329.2048  1.00274668 38611
RADUGA-1M 2             
1 36358U 10002A   20209.41176778 -.00000193  00000-0  00000+0 0  9995
2 36358   0.0357 235.4720 0002864 257.3167  45.9798  1.00272619 38445
SDO                     
1 36395U 10005A   20208.33543806 -.00000083  00000-0  00000+0 0  9997
2 36395  30.3862 120.6577 0001762  15.6018 186.9313  1.00269039 38456
INTELSAT 16 (IS-16)     
1 36397U 10006A   20210.09740531 -.00000255  00000-0  00000+0 0  9991
2 36397   0.0216 305.1064 0002501 189.5289 130.4501  1.00269924 38174
GOES 15                 
1 36411U 10008A   20210.01519762  .00000046  00000-0  00000+0 0  9999
2 36411   0.0452 244.5349 0002695 197.4777 101.1886  1.00272371 38103
ECHOSTAR 14             
1 36499U 10010A   20209.72993615 -.00000009  00000-0  00000-0 0  9998
2 36499   0.0171  66.8911 0003097  59.4430 323.3975  1.00270791 25003
SES-1                   
1 36516U 10016A   20210.09243288 -.00000124  00000-0  00000+0 0  9997
2 36516   0.0047  37.9247 0002642  83.7036 116.8472  1.00271150 37575
ASTRA 3B                
1 36581U 10021A   20209.87738069  .00000127  00000-0  00000-0 0  9998
2 36581   0.0265  19.3330 0003281 115.7685 150.2266  1.00273044 37311
COMSATBW-2              
1 36582U 10021B   20210.11520146  .00000078  00000-0  00000+0 0  9997
2 36582   0.0309  88.3749 0002887  44.3345 228.1590  1.00272005 37436
BADR-5                  
1 36592U 10025A   20209.83069365  .00000135  00000-0  00000-0 0  9995
2 36592   0.0424 109.8515 0005623  28.6550 132.4509  1.00271952 31654
COMS 1                  
1 36744U 10032A   20209.70742927 -.00000354  00000-0  00000-0 0  9994
2 36744   0.0227  80.1478 0000997  38.7176 209.7889  1.00270016 29520
ARABSAT-5A              
1 36745U 10032B   20209.75977083  .00000143  00000-0  00000-0 0  9998
2 36745   0.0577  40.3046 0005018 102.4087 107.1624  1.00269846 37084
ECHOSTAR 15             
1 36792U 10034A   20209.45428382 -.00000291  00000-0  00000+0 0  9996
2 36792   0.0173  59.6957 0001932  49.2391 298.5583  1.00270854 36831
BEIDOU 5                
1 36828U 10036A   20209.84805359 -.00000095  00000-0  10000-3 0  9991
2 36828  54.1650 182.5982 0097844 234.7462 309.2126  1.00247011 36654
NILESAT 201             
1 36830U 10037A   20209.68056061 -.00000067  00000-0  00000-0 0  9990
2 36830   0.0498 204.9918 0005652 272.3148  66.4822  1.00271150 36803
RASCOM-QAF 1R           
1 36831U 10037B   20209.82607014  .00000009  00000-0  00000-0 0  9992
2 36831   0.0144  84.2206 0005350  41.3952 120.5936  1.00272074 36739
AEHF-1 (USA 214)        
1 36868U 10039A   20210.11336949  .00000014  00000-0  00000+0 0  9999
2 36868   2.8379  96.9600 0005875   7.1100 246.9312  1.00271775 36888
CHINASAT 6A (ZX 6A)     
1 37150U 10042A   20210.13001552 -.00000364  00000-0  00000+0 0  9998
2 37150   0.0273 229.2735 0001770 292.1086 316.7162  1.00269276 36348
QZS-1 (MICHIBIKI-1)     
1 37158U 10045A   20208.70242431 -.00000162  00000-0  00000+0 0  9998
2 37158  41.6606 143.0428 0761359 270.8502 282.7620  1.00262758 36148
XM-5                    
1 37185U 10053A   20209.52135503 -.00000214  00000-0  00000+0 0  9997
2 37185   0.0203  64.6435 0002673 325.8447  17.6366  1.00271117 35883
BSAT-3B                 
1 37207U 10056B   20210.06274120 -.00000361  00000-0  00000+0 0  9998
2 37207   0.0851 297.7331 0000196  73.7195  67.1603  1.00277681 35716
BEIDOU 6                
1 37210U 10057A   20210.21630788 -.00000123  00000-0  00000+0 0  9992
2 37210   0.8815  50.7279 0004824 113.0328  20.4661  1.00271646 35726
SKYTERRA 1              
1 37218U 10061A   20209.87710316 -.00000128  00000-0  00000-0 0  9997
2 37218   2.1412   1.8474 0002421 143.3474  15.2506  1.00271570 35642
ZHONGXING-20A           
1 37234U 10064A   20209.85067067 -.00000361  00000-0  00000-0 0  9993
2 37234   0.9577  96.7061 0003895  13.5495 268.3327  1.00274038 35419
HYLAS 1                 
1 37237U 10065A   20210.14459997 -.00000117  00000-0  00000+0 0  9996
2 37237   0.2235  95.0779 0004039  17.5979  46.0476  1.00271705 35443
INTELSAT 17 (IS-17)     
1 37238U 10065B   20210.12575699 -.00000012  00000-0  00000+0 0  9997
2 37238   0.0329 116.4362 0003284  36.3455 264.7102  1.00272212 35361
BEIDOU 7                
1 37256U 10068A   20209.74888187 -.00000230  00000-0  00000+0 0  9997
2 37256  51.4120 297.8589 0081426 212.6944 180.9315  1.00300711 35238
EUTELSAT KA-SAT 9A      
1 37258U 10069A   20209.61190594  .00000052  00000-0  00000-0 0  9996
2 37258   0.0309 318.1767 0005533 135.4171  81.3992  1.00272330 22453
HISPASAT 30W-5          
1 37264U 10070A   20210.10665233 -.00000226  00000-0  00000+0 0  9991
2 37264   0.0106 132.8541 0005958 359.0976 182.6603  1.00275211 35105
KOREASAT 6              
1 37265U 10070B   20209.66396471 -.00000372  00000-0  00000+0 0  9998
2 37265   0.0231  86.0383 0001175  45.7275 169.0408  1.00271447 35128
BEIDOU 8                
1 37384U 11013A   20209.85997020 -.00000203  00000-0  10000-3 0  9994
2 37384  59.3247  61.1864 0049252 201.6286 109.3382  1.00295033 34118
INTELSAT NEW DAWN       
1 37392U 11016A   20210.11912706  .00000146  00000-0  00000+0 0  9995
2 37392   0.0236 160.5457 0000867 278.3144 303.0301  1.00270617 33959
YAHSAT 1A               
1 37393U 11016B   20210.18035316  .00000091  00000-0  00000+0 0  9995
2 37393   0.0275  96.1362 0002905   1.8731 325.6883  1.00268949 34005
SBIRS GEO-1 (USA 230)   
1 37481U 11019A   20210.12584424 -.00000016  00000-0  00000+0 0  9997
2 37481   2.0190 345.1165 0002326 140.9791 291.6464  1.00272102 33784
TELSTAR 14R             
1 37602U 11021A   20209.81289752 -.00000289  00000-0  00000-0 0  9998
2 37602   0.0404 297.6832 0002318 153.0006  84.8722  1.00271573 34266
GSAT-8                  
1 37605U 11022A   20210.18035316  .00000075  00000-0  00000+0 0  9990
2 37605   0.0025  21.8665 0001934 248.9312 155.4625  1.00273306 33684
ST-2                    
1 37606U 11022B   20209.88474778 -.00000221  00000-0  00000-0 0  9990
2 37606   0.0245 103.3970 0001649  26.2903 222.8320  1.00270152 33711
CHINASAT 10 (ZX 10)     
1 37677U 11026A   20210.06282844 -.00000362  00000-0  00000+0 0  9990
2 37677   0.0618 254.6947 0004648 259.8156 284.7852  1.00269024 33402
TIANLIAN 1-02           
1 37737U 11032A   20209.78777356 -.00000029  00000-0  00000+0 0  9998
2 37737   2.8133  75.2418 0014897  90.3566 234.9156  1.00268309 33152
GSAT-12                 
1 37746U 11034A   20209.72635769 -.00000175  00000-0  00000-0 0  9998
2 37746   0.0187  83.6272 0010809  17.9510 188.7748  1.00271883 21932
SES-3                   
1 37748U 11035A   20210.09208392 -.00000113  00000-0  00000+0 0  9992
2 37748   0.0362 306.6993 0002821 162.7720 126.8824  1.00278491 33139
KAZSAT-2                
1 37749U 11035B   20210.12985708 -.00000208  00000-0  00000+0 0  9995
2 37749   0.0377 140.8388 0002445  34.4705 264.1799  1.00272104 33011
BEIDOU 9                
1 37763U 11038A   20209.87374770 -.00000036  00000-0  10000-3 0  9999
2 37763  54.4514 185.0068 0074311 225.7537 304.6050  1.00286163 33085
ASTRA 1N                
1 37775U 11041A   20210.11642274  .00000110  00000-0  00000+0 0  9999
2 37775   0.0371   8.8023 0004408  74.6288 283.8945  1.00273521 32841
BSAT-3C (JCSAT-110R)    
1 37776U 11041B   20209.99094604 -.00000360  00000-0  00000+0 0  9990
2 37776   0.0184  77.2315 0000177 123.9125 211.6557  1.00271764 32963
PAKSAT-1R               
1 37779U 11042A   20209.83304900  .00000144  00000-0  00000-0 0  9990
2 37779   0.0494 248.6533 0004489 200.9901 194.1794  1.00272980 32918
CHINASAT 1A (ZX 1A)     
1 37804U 19001A   20209.93009712 -.00000348  00000-0  00000-0 0  9993
2 37804   0.0387 222.6713 0000587 235.3003 312.6924  1.00269713  5798
COSMOS 2473             
1 37806U 11048A   20209.89455034 -.00000120  00000-0  00000-0 0  9993
2 37806   0.1457 102.1921 0003307  25.1755 126.9625  1.00268854 32502
SES-2                   
1 37809U 11049A   20210.09522442 -.00000206  00000-0  00000+0 0  9993
2 37809   0.0603 278.0845 0002866 199.0672 136.3362  1.00274146 32439
ARABSAT-5C              
1 37810U 11049B   20209.82947234  .00000114  00000-0  00000-0 0  9992
2 37810   0.0606 358.6220 0005168 151.4265 114.5133  1.00274097 32499
EUTELSAT 7 WEST A       
1 37816U 11051A   20210.11118859 -.00000071  00000-0  00000+0 0  9990
2 37816   0.0585  18.8515 0006831 132.2715 187.8171  1.00270984 32405
QUETZSAT 1              
1 37826U 11054A   20210.09723084 -.00000252  00000-0  00000+0 0  9994
2 37826   0.0106  27.9282 0003162 100.9647 135.3178  1.00271602 32534
INTELSAT 18 (IS-18)     
1 37834U 11056A   20210.07669896  .00000043  00000-0  00000+0 0  9990
2 37834   0.0140  86.2388 0002135  40.1046  27.4540  1.00271637 32298
EUTELSAT 16A            
1 37836U 11057A   20210.08057666  .00000094  00000-0  00000+0 0  9996
2 37836   0.0658   2.1992 0004872 126.7650 222.2363  1.00276784 32234
VIASAT-1                
1 37843U 11059A   20210.08964132 -.00000034  00000-0  00000+0 0  9996
2 37843   0.0227  72.4586 0002742  49.8113 101.1049  1.00270771 32715
ASIASAT 7               
1 37933U 11069A   20209.94323896 -.00000344  00000-0  00000-0 0  9991
2 37933   0.0152 107.5579 0001793 354.2006 289.3564  1.00268875 23299
BEIDOU 10               
1 37948U 11073A   20209.82039418 -.00000171  00000-0  10000-3 0  9995
2 37948  51.5080 297.4525 0069988 213.2276 185.7059  1.00286831 31849
LUCH 5A                 
1 37951U 11074B   20209.95791383 -.00000057  00000-0  00000-0 0  9999
2 37951   3.3526 113.7824 0004656 359.5748 344.6543  1.00275261 31629
NIGCOMSAT 1R            
1 38014U 11077A   20209.83392137  .00000135  00000-0  00000-0 0  9990
2 38014   0.0217 143.4310 0002686 339.8667 165.3484  1.00270714 31397
FENGYUN 2F              
1 38049U 12002A   20209.77599671 -.00000367  00000-0  00000+0 0  9999
2 38049   2.1538  83.4819 0002112  83.6492 169.9258  1.00260491 31328
WGS F4 (USA 233)        
1 38070U 12003A   20209.69957803 -.00000225  00000-0  00000-0 0  9994
2 38070   0.0136  95.4354 0000381  53.5361 137.0907  1.00271354 22582
SES-4                   
1 38087U 12007A   20210.07960855 -.00000178  00000-0  00000+0 0  9997
2 38087   0.0124  38.1292 0002527  89.2229 185.5057  1.00271583 30920
BEIDOU 11               
1 38091U 12008A   20209.90894427  .00000045  00000-0  00000-0 0  9997
2 38091   1.5630  67.7439 0003250 298.7715 325.4564  1.00275769 30912
MUOS-1                  
1 38093U 12009A   20209.87727764 -.00000137  00000-0  00000-0 0  9998
2 38093   2.5297   9.0627 0052541   3.5619 149.2148  1.00272640 30885
INTELSAT 22 (IS-22)     
1 38098U 12011A   20210.12697830 -.00000069  00000-0  00000+0 0  9999
2 38098   0.0112  49.8618 0002267  91.6566 282.5176  1.00272349 30495
APSTAR 7                
1 38107U 12013A   20209.91252094 -.00000112  00000-0  00000-0 0  9996
2 38107   0.0298  88.2476 0002087  32.3277 230.4650  1.00271364 30609
YAHSAT 1B               
1 38245U 12016A   20210.12209309  .00000116  00000-0  00000+0 0  9990
2 38245   0.0217  99.4208 0002487   8.1502 290.2179  1.00270839 30365
AEHF-2 (USA 235)        
1 38254U 12019A   20209.81202517 -.00000286  00000-0  00000-0 0  9991
2 38254   2.0667  48.2275 0007010  65.7472  56.7499  1.00273772 29293
JCSAT-13                
1 38331U 12023A   20209.99373760 -.00000366  00000-0  00000+0 0  9998
2 38331   0.0096 253.2691 0002382 222.0581 312.5199  1.00270578 30012
VINASAT-2               
1 38332U 12023B   20209.92351267 -.00000339  00000-0  00000+0 0  9990
2 38332   0.0427 275.0313 0002135 212.4155 282.9008  1.00271038 30055
NIMIQ 6                 
1 38342U 12026A   20210.09443929 -.00000183  00000-0  00000+0 0  9998
2 38342   0.0631 276.4084 0002805 210.4131 122.2712  1.00262925 30030
CHINASAT 2A (ZX 2A)     
1 38352U 12028A   20210.06047307 -.00000303  00000-0  00000+0 0  9992
2 38352   0.0535 251.6443 0001444 141.2542  33.3073  1.00270963 30081
INTELSAT 19 (IS-19)     
1 38356U 12030A   20210.14573402 -.00000067  00000-0  00000+0 0  9995
2 38356   0.0220  95.5947 0003467  32.9818  36.1445  1.00271412 29957
ECHOSTAR 17             
1 38551U 12035A   20209.58878840 -.00000085  00000-0  00000+0 0  9997
2 38551   0.0184  69.9629 0002076  53.1830 287.4205  1.00269906 29566
METEOSAT-10 (MSG-3)     
1 38552U 12035B   20204.94622052  .00000063  00000-0  00000-0 0  9991
2 38552   1.0202  14.7336 0000411  32.6323 244.2714  1.00283559 29276
SES-5                   
1 38652U 12036A   20210.11363119  .00000023  00000-0  00000+0 0  9990
2 38652   0.0442  92.0004 0001910  22.9176 237.1890  1.00268793 29512
TIANLIAN 1-03           
1 38730U 12040A   20209.90126750  .00000115  00000-0  00000-0 0  9998
2 38730   0.3193 105.5417 0003746 304.4982 240.7790  1.00274934 29428
INTELSAT 20 (IS-20)     
1 38740U 12043A   20210.12628042 -.00000035  00000-0  00000+0 0  9990
2 38740   0.0152  94.4937 0000754 110.7762 214.9323  1.00272602 29272
HYLAS 2                 
1 38741U 12043B   20209.90813587  .00000144  00000-0  00000-0 0  9996
2 38741   0.0508 266.6685 0001922 208.1297 189.1802  1.00276958 29200
INTELSAT 21 (IS-21)     
1 38749U 12045A   20210.10106922 -.00000295  00000-0  00000+0 0  9995
2 38749   0.0189  83.3643 0002167  40.2054 161.0300  1.00270900 29077
ASTRA 2F                
1 38778U 12051A   20209.83112983  .00000140  00000-0  00000-0 0  9995
2 38778   0.0776 241.6099 0002717 300.6671  91.0539  1.00273339 19607
GSAT-10                 
1 38779U 12051B   20209.90598712 -.00000175  00000-0  00000-0 0  9991
2 38779   0.0411 250.7945 0000993 180.6845 283.7327  1.00269515 28558
INTELSAT 23 (IS-23)     
1 38867U 12057A   20210.10202882 -.00000295  00000-0  00000+0 0  9991
2 38867   0.0183  82.1373 0002060  39.0588 168.7756  1.00270343 28540
BEIDOU 16               
1 38953U 12059A   20209.91400395 -.00000186  00000-0  00000-0 0  9995
2 38953   1.2002  83.9927 0007084 275.8542 359.1118  1.00275554 28484
LUCH 5B                 
1 38977U 12061A   20209.89402692 -.00000147  00000-0  00000-0 0  9990
2 38977   5.8301  67.3939 0003100  47.9161 136.2104  1.00271792 28615
YAMAL 300K              
1 38978U 12061B   20209.71842101  .00000061  00000-0  00000-0 0  9999
2 38978   0.0146  35.7318 0001687 220.0115 131.6666  1.00270889 28079
STAR ONE C3             
1 38991U 12062A   20210.09766703 -.00000259  00000-0  00000+0 0  9990
2 38991   0.0435 264.6676 0002561 225.0942 136.5991  1.00269799 28297
EUTELSAT 21B            
1 38992U 12062B   20210.08071387  .00000121  00000-0  00000+0 0  9994
2 38992   0.0659   2.0833 0002748 124.1043 230.6485  1.00279493 28312
ECHOSTAR 16             
1 39008U 12065A   20210.10037133 -.00000292  00000-0  00000+0 0  9990
2 39008   0.0178  69.3423 0002084  55.9527 155.5474  1.00271099 28248
CHINASAT 12 (ZX 12)     
1 39017U 12067A   20210.13003156 -.00000217  00000-0  00000+0 0  9990
2 39017   0.0316 104.4010 0003596  17.6854 318.4663  1.00270539 28150
EUTELSAT 70B            
1 39020U 12069A   20210.12662935 -.00000053  00000-0  00000+0 0  9999
2 39020   0.0608   1.5577 0006206 161.4297 259.3206  1.00271592 28058
YAMAL 402               
1 39022U 12070A   20209.69286087  .00000076  00000-0  00000+0 0  9997
2 39022   0.0163  92.2475 0002950  35.9773 121.9063  1.00272082 28034
SKYNET 5D               
1 39034U 12075A   20209.83601503  .00000089  00000-0  00000-0 0  9990
2 39034   0.0698  13.7301 0003756 117.4723 168.4599  1.00272356 27608
MEXSAT 3                
1 39035U 12075B   20209.65901333 -.00000035  00000-0  00000+0 0  9996
2 39035   0.0245  98.7419 0002585  31.2011 298.2744  1.00270954 27912
TDRS 11                 
1 39070U 13004A   20209.71894442  .00000072  00000-0  00000+0 0  9997
2 39070   3.7742 332.7685 0004697  71.1316 346.3089  1.00270590 27425
AMAZONAS 3              
1 39078U 13006A   20210.10045858 -.00000293  00000-0  00000+0 0  9997
2 39078   0.0548 250.5252 0003073 273.2392 117.6098  1.00271722 27405
AZERSPACE 1             
1 39079U 13006B   20210.12174414  .00000123  00000-0  00000+0 0  9992
2 39079   0.0392 263.7700 0001726 237.6499 254.6244  1.00271538 27378
SBIRS GEO-2 (USA 241)   
1 39120U 13011A   20209.87344067  .00000113  00000-0  00000-0 0  9998
2 39120   2.0924 344.8596 0002573 137.5563 158.6156  1.00272606 26992
EUTELSAT 117 WEST A     
1 39122U 13012A   20210.08929237 -.00000023  00000-0  00000+0 0  9994
2 39122   0.0388 291.9220 0003163 191.3866  98.2332  1.00271038 26906
ANIK G1                 
1 39127U 13014A   20209.58870118 -.00000084  00000-0  00000+0 0  9994
2 39127   0.0413 258.4175 0000938 258.2040 253.7261  1.00272150 26681
CHINASAT 11 (ZX 11)     
1 39157U 13020A   20209.88302306 -.00000301  00000-0  00000+0 0  9998
2 39157   0.0457 262.1229 0001322 135.5855 324.1564  1.00274110 26590
EUTELSAT 7B             
1 39163U 13022A   20210.11398014  .00000038  00000-0  00000+0 0  9992
2 39163   0.0601 346.1699 0003079  62.3935 305.6801  1.00270891 26410
WGS F5 (USA 243)        
1 39168U 13024A   20209.45611576 -.00000294  00000-0  00000+0 0  9990
2 39168   0.0196  64.2416 0000309 132.1356 220.8743  1.00270845 26260
SES-6                   
1 39172U 13026A   20210.10455866 -.00000271  00000-0  00000+0 0  9994
2 39172   0.0525 285.0153 0002264 215.3674 162.9565  1.00270155 26151
IRNSS-1A                
1 39199U 13034A   20208.75982554  .00000063  00000-0  00000+0 0  9997
2 39199  30.9373  96.1503 0017292 183.5970 353.9287  1.00279865 26076
MUOS-2                  
1 39206U 13036A   20210.07730959  .00000057  00000-0  00000+0 0  9999
2 39206   2.6025 358.1258 0057098 176.9674 341.9057  1.00273592 25744
ALPHASAT                
1 39215U 13038A   20210.11755682  .00000125  00000-0  00000+0 0  9992
2 39215   2.4636  19.9175 0002494 118.2880 235.1994  1.00274576 25712
INSAT-3D                
1 39216U 13038B   20209.84185984 -.00000166  00000-0  00000-0 0  9990
2 39216   0.0182  65.2693 0001769  57.0149 208.8317  1.00270629 25546
WGS F6 (USA 244)        
1 39222U 13041A   20210.01388909  .00000079  00000-0  00000+0 0  9995
2 39222   0.0179  78.2012 0000009  75.2991  22.4146  1.00272058 25505
EUTELSAT 25B            
1 39233U 13044A   20209.83051917  .00000133  00000-0  00000-0 0  9996
2 39233   0.0522 345.1647 0001881 135.3471 149.8946  1.00271273 25071
GSAT-7                  
1 39234U 13044B   20210.12741448 -.00000087  00000-0  00000+0 0  9994
2 39234   0.0133  88.5316 0005528 165.7384 171.8533  1.00271326 25349
AMOS-4                  
1 39237U 13045A   20210.12558253 -.00000003  00000-0  00000+0 0  9996
2 39237   0.0072  53.0327 0002147  48.6752 314.7276  1.00271613 25335
AEHF-3 (USA 246)        
1 39256U 13050A   20210.06300292 -.00000365  00000-0  00000+0 0  9995
2 39256   0.5896   3.5499 0002668 111.8552 324.4836  1.00276587 25126
ASTRA 2E                
1 39285U 13056A   20209.83112983  .00000140  00000-0  00000-0 0  9995
2 39285   0.0578  31.1122 0001940  85.5875 156.9335  1.00270048 24900
SIRIUS FM-6             
1 39360U 13058A   20210.08946685 -.00000027  00000-0  00000+0 0  9998
2 39360   0.0116 295.1796 0000737  41.9225 245.1503  1.00270825 24786
RADUGA-1M 3             
1 39375U 13062A   20209.83243836  .00000146  00000-0  10000-3 0  9994
2 39375   0.5307  97.9905 0005949 321.0907 221.4980  1.00270595 24564
SES-8                   
1 39460U 13071A   20210.13160181 -.00000279  00000-0  00000+0 0  9998
2 39460   0.0517 249.2015 0002842 222.1149 337.3009  1.00270732 24314
INMARSAT 5-F1           
1 39476U 13073A   20209.83793422  .00000018  00000-0  00000-0 0  9993
2 39476   0.0199  75.4596 0000434  61.2069 173.5397  1.00268747 24029
TKSAT-1 (TUPAC KATARI)  
1 39481U 13075A   20209.87989472 -.00000204  00000-0  00000-0 0  9995
2 39481   0.0218 194.8276 0003045 260.0271  80.7099  1.00271051 24034
EXPRESS-AM5             
1 39487U 13077A   20210.06340681 -.00000290  00000-0  00000+0 0  9993
2 39487   0.0514 247.1054 0000642 121.2019 100.7227  1.00271527 24790
GSAT-14                 
1 39498U 14001A   20209.69669925 -.00000087  00000-0  00000-0 0  9990
2 39498   0.0857 275.0685 0002471 305.9067  49.6613  1.00272152 23859
THAICOM 6               
1 39500U 14002A   20210.12828684 -.00000131  00000-0  00000+0 0  9993
2 39500   0.0760 116.3516 0004748  14.0856 300.4762  1.00269901 23962
TDRS 12                 
1 39504U 14004A   20210.10447142 -.00000276  00000-0  00000+0 0  9993
2 39504   4.6045 338.7253 0003437 157.2991 166.9283  1.00269538 23884
ABS-2                   
1 39508U 14006A   20209.88578358 -.00000096  00000-0  00000-0 0  9997
2 39508   0.0064  44.0764 0003769  70.6156 225.1039  1.00271676 23728
ATHENA-FIDUS            
1 39509U 14006B   20209.83304900  .00000144  00000-0  00000-0 0  9996
2 39509   0.0194 111.3077 0001363   9.9247 162.4029  1.00272720 23512
TURKSAT 4A              
1 39522U 14007A   20209.83383413  .00000136  00000-0  00000-0 0  9999
2 39522   0.0747 269.1535 0001306 284.6888  94.2688  1.00269003 23425
EXPRESS-AT1             
1 39612U 14010A   20209.83662568  .00000069  00000-0  00000-0 0  9999
2 39612   0.0514 246.6524 0000161 331.4697  85.0167  1.00271290 23254
EXPRESS-AT2             
1 39613U 14010B   20210.06522738 -.00000291  00000-0  00000+0 0  9998
2 39613   0.0505 248.2390 0000069 192.2324  29.0356  1.00272620 23325
AMAZONAS 4A             
1 39616U 14011A   20209.52362316 -.00000262  00000-0  00000+0 0  9993
2 39616   0.0754  75.7196 0003219  51.4022 293.0386  1.00272265 23301
ASTRA 5B                
1 39617U 14011B   20209.91141809  .00000144  00000-0  00000-0 0  9998
2 39617   0.0398  67.4334 0003618  54.3174 183.8758  1.00268833 23104
IRNSS-1B                
1 39635U 14017A   20202.13758595  .00000113  00000-0  00000+0 0  9992
2 39635  28.5057 276.6608 0022042 187.6475 299.1310  1.00283016 23166
LUCH 5V                 
1 39727U 14023A   20210.13151457 -.00000277  00000-0  00000+0 0  9996
2 39727   0.4826 342.2597 0004041 139.2617 326.7263  1.00266807540963
KAZSAT-3                
1 39728U 14023B   20209.76684457  .00000051  00000-0  00000+0 0  9994
2 39728   0.0424 241.2399 0001541 274.6740 124.5301  1.00272420 22875
EUTELSAT 3B             
1 39773U 14030A   20209.82607014  .00000011  00000-0  00000-0 0  9990
2 39773   0.0698 341.6489 0005593 171.2486  93.5249  1.00275116 22504
USA 253                 
1 40099U 14043A   20206.47169095 -.00000323  00000-0  00000+0 0  9993
2 40099   0.0260 107.3750 0001218  30.5518  74.8484  1.00344805  6465
USA 254                 
1 40100U 14043B   20206.48564869 -.00000049  00000-0  00000+0 0  9990
2 40100   0.6544  96.7029 0000770 197.7460 353.6089  1.00148670  6150
ASIASAT 8               
1 40107U 14046A   20210.11179924 -.00000044  00000-0  00000+0 0  9994
2 40107   0.0411 251.7010 0002323 227.8201 223.0595  1.00272049 21934
ASIASAT 6               
1 40141U 14052A   20209.84936213 -.00000372  00000-0  00000-0 0  9994
2 40141   0.0411 249.6666 0000749 238.6154 243.3645  1.00271147 21492
OPTUS 10                
1 40146U 14054A   20209.85660272 -.00000157  00000-0  00000+0 0  9991
2 40146   0.0423 186.6218 0004020 313.7035 270.0242  1.00270742 21560
MEASAT-3B               
1 40147U 14054B   20210.13090391 -.00000251  00000-0  00000+0 0  9999
2 40147   0.0244  20.3503 0001223  68.8622 355.6418  1.00270113 21618
LUCH (OLYMP)            
1 40258U 14058A   20209.32792742 -.00000022  00000-0  00000+0 0  9990
2 40258   0.0200  81.1326 0001476  10.6735 330.6063  1.00268926 21372
HIMAWARI-8              
1 40267U 14060A   20209.70995911 -.00000285  00000-0  00000+0 0  9999
2 40267   0.0375 220.7640 0001169 273.8787 207.4439  1.00270681 21306
IRNSS-1C                
1 40269U 14061A   20210.05733257 -.00000171  00000-0  00000+0 0  9999
2 40269   1.9218 173.0080 0020054  14.2495 222.5919  1.00269960 21263
INTELSAT 30 (IS-30)     
1 40271U 14062A   20209.95011963 -.00000161  00000-0  00000+0 0  9992
2 40271   0.0274 304.5925 0001882  26.9678 221.5124  1.00270516 21208
ARSAT 1                 
1 40272U 14062B   20210.09827767 -.00000270  00000-0  00000+0 0  9998
2 40272   0.0383 252.2873 0001690 231.7342 145.7628  1.00269925 21323
EXPRESS-AM6             
1 40277U 14064A   20209.69251192  .00000088  00000-0  00000-0 0  9999
2 40277   0.0619 256.7347 0000713 253.6669  97.7068  1.00271681 20016
GSAT-16                 
1 40332U 14078A   20209.62115293  .00000075  00000-0  00000+0 0  9995
2 40332   0.0886 274.5795 0007456 181.1647 128.6830  1.00271684 20699
DIRECTV 14              
1 40333U 14078B   20210.09278182 -.00000136  00000-0  00000+0 0  9995
2 40333   0.0203 137.0760 0000588 257.9554 205.3360  1.00272272 20680
YAMAL 401               
1 40345U 14082A   20209.91522525 -.00000239  00000-0  00000-0 0  9990
2 40345   0.0114  77.5618 0000169  85.3131 202.5823  1.00271763 20859
ASTRA 2G                
1 40364U 14089A   20209.83112983  .00000140  00000-0  00000-0 0  9992
2 40364   0.0307 339.2465 0004410 101.2288 192.8481  1.00270458 20408
FENGYUN 2G              
1 40367U 14090A   20209.88186556 -.00000313  00000-0  00000+0 0  9991
2 40367   2.1774  94.0987 0001663 331.9748 296.9644  1.00273334 20477
MUOS-3                  
1 40374U 15002A   20209.82249347 -.00000136  00000-0  00000-0 0  9999
2 40374   2.7879 348.2530 0058209 177.1498  61.1298  1.00273182 20035
INMARSAT 5-F2           
1 40384U 15005A   20209.81446778 -.00000295  00000-0  00000-0 0  9995
2 40384   0.0242  73.7275 0000456   2.7153 107.6856  1.00269044 19439
ABS-3A                  
1 40424U 15010A   20209.82484883 -.00000036  00000-0  00000-0 0  9999
2 40424   0.0165  68.0129 0002027 336.8325 195.0537  1.00270731 19848
EUTELSAT 115 WEST B     
1 40425U 15010B   20209.65901333 -.00000034  00000-0  00000-0 0  9993
2 40425   0.0051 173.8965 0000232  87.6957 166.5231  1.00270617 19830
EXPRESS-AM7             
1 40505U 15012A   20210.19240524  .00000140  00000-0  10027+1 0  9990
2 40505   0.0175  81.6459 0002672  47.0600 286.8566  1.00273684 19806
IRNSS-1D                
1 40547U 15018A   20208.60257601 -.00000290  00000-0  00000-0 0  9996
2 40547  29.1813 276.6357 0021360 183.9265 172.9604  1.00270918 19410
BEIDOU 17               
1 40549U 15019A   20210.24160917 -.00000209  00000-0  00000+0 0  9994
2 40549  52.9965 320.7336 0040027 188.6173 341.3806  1.00279099 19520
THOR 7                  
1 40613U 15022A   20210.08016503 -.00000019  00000-0  00000+0 0  9992
2 40613   0.0404 242.4909 0002642 241.8970 209.9991  1.00270647 19263
TURKMENALEM52E/MONACOSAT
1 40617U 15023A   20210.18035316  .00000093  00000-0  00000+0 0  9992
2 40617   0.0187  68.0246 0003491  63.4953 291.7261  1.00273203 19274
DIRECTV 15              
1 40663U 15026A   20210.09208392 -.00000112  00000-0  00000+0 0  9995
2 40663   0.0132  89.0310 0000536  57.3855  90.0968  1.00268580 18972
SKY MEXICO-1            
1 40664U 15026B   20210.09688190 -.00000244  00000-0  00000+0 0  9990
2 40664   0.0222 303.4786 0002273 179.4312 139.3994  1.00268187 18976
METEOSAT-11 (MSG-4)     
1 40732U 15034A   20209.82545949 -.00000011  00000-0  00000-0 0  9991
2 40732   0.7455 272.7342 0003357 224.5187 105.9283  1.00273480 18476
STAR ONE C4             
1 40733U 15034B   20209.81150175 -.00000274  00000-0  00000-0 0  9995
2 40733   0.0266  57.7842 0001413  44.2190  66.0709  1.00271311 18468
WGS F7 (USA 263)        
1 40746U 15036A   20210.07573935  .00000007  00000-0  00000+0 0  9996
2 40746   0.0124  46.0696 0000110  48.2971  54.0742  1.00272174 18313
INTELSAT 34 (IS-34)     
1 40874U 15039A   20209.81438053 -.00000295  00000-0  00000-0 0  9993
2 40874   0.0118  43.0887 0000873 340.2594 160.2814  1.00273667 18081
EUTELSAT 8 WEST B       
1 40875U 15039B   20210.11101412 -.00000075  00000-0  00000+0 0  9990
2 40875   0.0695 348.7249 0005172 124.4752 224.9907  1.00274072 18121
GSAT-6                  
1 40880U 15041A   20209.69835674 -.00000170  00000-0  00000-0 0  9991
2 40880   0.0211 269.6752 0003628 294.7323  75.3330  1.00272890 18089
INMARSAT 5-F3           
1 40882U 15042A   20209.78951829  .00000041  00000-0  00000+0 0  9990
2 40882   0.0239  75.2767 0000272  82.1575 252.2799  1.00275034 17995
MUOS-4                  
1 40887U 15044A   20210.12767619 -.00000101  00000-0  00000+0 0  9997
2 40887   2.9179 344.6012 0051837   2.4731  80.1810  1.00271218 18007
TJS-1                   
1 40892U 15046A   20209.92822341 -.00000166  00000-0  10000-3 0  9991
2 40892   0.1138 276.5459 0005926 101.7119  56.9199  1.00272368 17992
EXPRESS-AM8             
1 40895U 15048A   20210.18158797 -.00000122  00000-0  00000+0 0  9990
2 40895   0.0396 238.2341 0000120  40.6681  78.7634  1.00271455 17814
BEIDOU 20               
1 40938U 15053A   20209.44112328 -.00000140  00000-0  00000-0 0  9992
2 40938  52.5572 283.7740 0051664 189.2106  87.0321  1.00263735 17794
SKY MUSTER (NBN1A)      
1 40940U 15054A   20209.70987187 -.00000288  00000-0  00000+0 0  9990
2 40940   0.0104  60.9867 0001867  57.2824 223.3706  1.00270962 17705
ARSAT 2                 
1 40941U 15054B   20210.09644572 -.00000235  00000-0  00000+0 0  9995
2 40941   0.0408 246.1740 0001887 227.0199 146.7314  1.00271701 17755
MORELOS 3               
1 40946U 15056A   20209.51551021 -.00000050  00000-0  00000+0 0  9998
2 40946   4.7575 328.7513 0003553 184.7441 224.6248  1.00272361 17713
APSTAR 9                
1 40982U 15059A   20209.92842990 -.00000276  00000-0  00000-0 0  9995
2 40982   0.0319 239.9523 0003083 248.1027 294.2278  1.00269901 17560
TURKSAT 4B              
1 40984U 15060A   20209.91526104  .00000105  00000-0  00000-0 0  9994
2 40984   0.0359 263.0124 0001940 214.3065 208.1791  1.00269340 17558
CHINASAT 2C (ZX 2C)     
1 41021U 15063A   20209.84613440 -.00000334  00000-0  00000+0 0  9996
2 41021   0.0278 242.6411 0001365 235.6397 235.7186  1.00272412 17444
GSAT-15                 
1 41028U 15065A   20209.70053764 -.00000268  00000-0  00000-0 0  9994
2 41028   0.0532 264.5984 0003292 192.9915 193.9202  1.00272170 17258
BADR-7 (ARABSAT-6B)     
1 41029U 15065B   20209.83069365  .00000135  00000-0  00000-0 0  9995
2 41029   0.0514 250.6784 0004633 316.3260  63.9539  1.00271040 17207
LAOSAT 1                
1 41034U 15067A   20209.85110685 -.00000353  00000-0  00000-0 0  9990
2 41034   0.0355 172.1321 0001354 280.4859 288.2553  1.00269768 17306
TELSTAR 12V             
1 41036U 15068A   20209.82249347 -.00000129  00000-0  00000-0 0  9999
2 41036   0.0146  90.8800 0001993  27.1514 108.9972  1.00270887 17067
CHINASAT 1C (ZX 1C)     
1 41103U 15073A   20209.91348053 -.00000162  00000-0  00000-0 0  9991
2 41103   1.7113  92.1354 0001641   1.5102 262.7040  1.00271400 17104
ELEKTRO-L 2             
1 41105U 15074A   20204.77966084 -.00000102  00000-0  00000+0 0  9996
2 41105   1.2820  96.7253 0001690  61.0117 139.9802  1.00273046 16901
COSMOS 2513             
1 41121U 15075A   20209.84151090 -.00000148  00000-0  00000-0 0  9992
2 41121   0.0551 113.9438 0002325   5.7881 209.4183  1.00271274 16965
EXPRESS-AMU1            
1 41191U 15082A   20210.11982497  .00000145  00000-0  00000+0 0  9997
2 41191   0.0233  74.8655 0002798  57.6488 252.9476  1.00269094 16952
GAOFEN 4                
1 41194U 15083A   20209.94323617 -.00000344  00000-0  00000-0 0  9996
2 41194   0.0838 102.6050 0003553  71.9887 216.6886  1.00268353 16934
BELINTERSAT-1           
1 41238U 16001A   20210.18035316  .00000097  00000-0  00000+0 0  9993
2 41238   0.0357 216.5584 0000985 265.0507 301.1000  1.00273629 16690
IRNSS-1E                
1 41241U 16003A   20208.62731417 -.00000315  00000-0  00000+0 0  9994
2 41241  29.2873  95.6162 0018838 179.9143   6.7880  1.00268642 16629
EUTELSAT 9B             
1 41310U 16005A   20210.11441632  .00000052  00000-0  00000+0 0  9994
2 41310   0.0450  70.7761 0002183 165.9043 119.7349  1.00275262 16556
SES-9                   
1 41380U 16013A   20209.99059709 -.00000355  00000-0  00000+0 0  9991
2 41380   0.0499 262.7271 0002086 202.0216 306.2729  1.00271338 16197
EUTELSAT 65 WEST A      
1 41382U 16014A   20209.81246134 -.00000286  00000-0  00000-0 0  9999
2 41382   0.0466  12.7684 0001897 104.0871  56.3639  1.00272099 15985
IRNSS-1F                
1 41384U 16015A   20209.83191494  .00000151  00000-0  00000-0 0  9992
2 41384   2.1308 215.2992 0020309 196.4760 226.0818  1.00270957 16132
BEIDOU IGSO-6           
1 41434U 16021A   20209.92874799 -.00000156  00000-0  00000-0 0  9997
2 41434  57.0963  60.0776 0039459 203.6631 109.9884  1.00291230 15929
IRNSS-1G                
1 41469U 16027A   20209.99452271 -.00000346  00000-0  00000+0 0  9995
2 41469   2.1455 218.4327 0006488 256.4207 318.5194  1.00257281 15623
JCSAT-2B                
1 41471U 16028A   20210.14329141 -.00000175  00000-0  00000+0 0  9997
2 41471   0.0190  82.2474 0001995  31.7423  37.8398  1.00272399 15535
THAICOM 8               
1 41552U 16031A   20209.84116196 -.00000131  00000-0  00000-0 0  9993
2 41552   0.0600  76.4740 0003740 355.4846 255.2989  1.00269503 15150
INTELSAT 31 (IS-31)     
1 41581U 16035A   20209.23224506 -.00000160  00000-0  00000-0 0  9999
2 41581   0.0014 195.4842 0001216  33.1130  65.3118  1.00271904 15059
BEIDOU-2 G7             
1 41586U 16037A   20209.99112051 -.00000365  00000-0  00000+0 0  9996
2 41586   1.5747  65.4861 0008092   8.2401 339.7302  1.00270955 15220
ABS-2A (MONGOLSAT-1)    
1 41588U 16038A   20209.41021677 -.00000093  00000-0  00000+0 0  9997
2 41588   0.0077  94.6352 0002277 306.3184 126.9617  1.00271387 15135
EUTELSAT 117 WEST B     
1 41589U 16038B   20209.51498681 -.00000021  00000-0  00000-0 0  9994
2 41589   0.0083 194.4628 0000321  36.5882 142.9838  1.00270381 15106
BRISAT                  
1 41591U 16039A   20209.71196556 -.00000207  00000-0  00000+0 0  9991
2 41591   0.0135  60.5683 0002206  62.0145 230.0682  1.00268920 15080
ECHOSTAR 18             
1 41592U 16039B   20210.10037133 -.00000292  00000-0  00000+0 0  9996
2 41592   0.0243  78.2854 0001846  47.3985 155.3015  1.00269567 15069
MUOS-5                  
1 41622U 16041A   20209.87623080 -.00000137  00000-0  00000-0 0  9996
2 41622   7.1634 307.0021 0204942 217.9512 351.4932  1.00271440 15528
TIANTONG-1 1            
1 41725U 16048A   20209.91749339 -.00000325  00000-0  00000-0 0  9997
2 41725   2.9320 334.9000 0000904  98.9940 303.8440  1.00271853 14709
JCSAT-16                
1 41729U 16050A   20210.05890281 -.00000244  00000-0  00000+0 0  9993
2 41729   0.1383  95.4273 0002208 117.3077 205.0850  1.00276048 14506
USA 270                 
1 41744U 16052A   20206.17635333  .00000035  00000-0  00000+0 0  9992
2 41744   0.6420  96.3133 0000464 122.8487 206.0076  1.00341887  6543
USA 271                 
1 41745U 16052B   20192.51527387 -.00000253  00000-0  00000+0 0  9997
2 41745   0.2695 100.5117 0001267   7.8405 153.2930  1.00139653  6209
INTELSAT 36 (IS-36)     
1 41747U 16053A   20210.12628042 -.00000034  00000-0  00000+0 0  9995
2 41747   0.0089  39.6510 0002085 334.1188  46.4221  1.00270690 14402
INTELSAT 33E (IS-33E)   
1 41748U 16053B   20209.68957309  .00000040  00000-0  00000+0 0  9992
2 41748   0.0095  57.5873 0002177  69.0055 127.4409  1.00271108 14650
INSAT-3DR               
1 41752U 16054A   20210.12741448 -.00000087  00000-0  00000+0 0  9996
2 41752   0.0708  96.5081 0010341 168.8540 160.7462  1.00271089 14241
GSAT-18                 
1 41793U 16060A   20210.12732725 -.00000087  00000-0  00000+0 0  9996
2 41793   0.0412 103.6824 0003195  12.8844 309.5031  1.00271318 13976
SKY MUSTER 2            
1 41794U 16060B   20209.71074424 -.00000254  00000-0  00000-0 0  9992
2 41794   0.0132  69.9984 0001789  52.0349 224.4764  1.00270311 13958
HIMAWARI-9              
1 41836U 16064A   20209.70995911 -.00000284  00000-0  00000+0 0  9997
2 41836   0.0339 253.0930 0000503 200.0236 249.0532  1.00272278 13741
SHIJIAN-17 (SJ-17)      
1 41838U 16065A   20209.92511525 -.00000092  00000-0  00000-0 0  9997
2 41838   0.3346  93.8370 0003684  24.6239 323.8535  1.00271564 13648
GOES 16                 
1 41866U 16071A   20209.81036767 -.00000258  00000-0  00000-0 0  9997
2 41866   0.0454 133.9317 0000618   8.5418  19.9912  1.00271506 13555
TIANLIAN 1-04           
1 41869U 16072A   20209.84081301 -.00000117  00000-0  00000+0 0  9991
2 41869   0.1273 283.3637 0018352 174.7842 227.5542  1.00271728 13747
WGS F8 (USA 272)        
1 41879U 16075A   20209.71179106 -.00000212  00000-0  00000+0 0  9998
2 41879   0.0152  53.2259 0000121  31.9713 266.6780  1.00271521 13360
FENGYUN 4A              
1 41882U 16077A   20209.19905769 -.00000339  00000-0  00000+0 0  9998
2 41882   0.0417  62.8965 0004197  79.5944 339.0995  1.00274355 13416
ECHOSTAR 19             
1 41893U 16079A   20210.09321799 -.00000148  00000-0  00000+0 0  9996
2 41893   0.0248  77.1301 0001698  45.9235 119.6231  1.00269099 13173
JCSAT-15                
1 41903U 16082A   20209.99103328 -.00000361  00000-0  00000+0 0  9992
2 41903   0.0441 255.5571 0001559 228.4917 288.8895  1.00272375 13224
STAR ONE D1             
1 41904U 16082B   20209.88050536 -.00000220  00000-0  00000-0 0  9998
2 41904   0.0164 284.4107 0002587 209.6003  44.9685  1.00271016 13210
TJS-2                   
1 41911U 17001A   20209.94593737 -.00000352  00000-0  00000-0 0  9996
2 41911   0.2027  97.2667 0006646 289.6074   7.2028  1.00268890 13168
SBIRS GEO-4 (USA 273)   
1 41937U 17004A   20209.65011527  .00000123  00000-0  00000+0 0  9991
2 41937   3.7152 311.9992 0002551 169.4299 258.9787  1.00271865 13034
HISPASAT 36W-1          
1 41942U 17006A   20210.10543102 -.00000255  00000-0  00000+0 0  9997
2 41942   0.0125  74.2353 0001139  58.5581 175.3955  1.00269863 12968
TELKOM 3S               
1 41944U 17007A   20209.70542285 -.00000372  00000-0  00000+0 0  9995
2 41944   0.0209  78.2117 0001770  48.2472 191.3284  1.00269308 12643
INTELSAT 32E (IS-32E)   
1 41945U 17007B   20210.10403524 -.00000279  00000-0  00000+0 0  9990
2 41945   0.0227  71.6668 0000636 340.1001 248.7404  1.00268038 12688
ECHOSTAR 23             
1 42070U 17014A   20209.52484447 -.00000280  00000-0  00000-0 0  9998
2 42070   0.0191  72.1225 0002097  52.1927 302.3752  1.00271311 12369
WGS F9 (USA 275)        
1 42075U 17016A   20210.18035316  .00000063  00000-0  00000+0 0  9993
2 42075   0.0109  89.7391 0000522  24.3328 313.9489  1.00272318 12372
SES-10                  
1 42432U 17017A   20210.09923727 -.00000283  00000-0  00000+0 0  9998
2 42432   0.0043  40.3041 0002699  83.6428 151.0895  1.00269117 12170
CHINASAT 16 (SJ-13)     
1 42662U 17018A   20209.94748157 -.00000362  00000-0  00000-0 0  9997
2 42662   0.0723  88.0640 0004758 128.5044 181.0856  1.00268555 12181
KOREASAT 7              
1 42691U 17023A   20209.66396206 -.00000371  00000-0  00000+0 0  9997
2 42691   0.0365  78.0115 0001780  68.3383 154.3651  1.00271862 11876
SGDC                    
1 42692U 17023B   20209.35941611 -.00000259  00000-0  00000-0 0  9996
2 42692   0.0138 355.8790 0003054 128.8893 235.2499  1.00272072 11866
GSAT-9                  
1 42695U 17024A   20210.06021135 -.00000296  00000-0  00000+0 0  9990
2 42695   0.0831 270.5190 0002353 208.8324 305.8322  1.00272218 11877
INMARSAT 5-F4           
1 42698U 17025A   20210.18035316  .00000065  00000-0  00000+0 0  9996
2 42698   0.0195  81.0237 0000407 131.1710 215.4987  1.00271437 11702
SES-15                  
1 42709U 17026A   20210.08658807  .00000049  00000-0  00000+0 0  9997
2 42709   0.0102  62.2730 0000871  94.9003  51.0610  1.00274467 12623
QZS-2  (MICHIBIKI-2)    
1 42738U 17028A   20209.49640554 -.00000163  00000-0  00000+0 0  9992
2 42738  42.9249 273.8687 0754226 269.5520  82.1738  1.00276930 11573
VIASAT-2                
1 42740U 17029A   20210.09862661 -.00000275  00000-0  00000+0 0  9993
2 42740   0.0309 246.2323 0000196 184.0336 201.5449  1.00271330 11615
EUTELSAT 172B           
1 42741U 17029B   20210.14686809 -.00000016  00000-0  00000+0 0  9991
2 42741   0.0226  82.2192 0000365   0.7952  88.1212  1.00270900 12140
GSAT-19                 
1 42747U 17031A   20210.12218032  .00000115  00000-0  00000+0 0  9996
2 42747   0.0661 270.0700 0007706 186.5372 301.4639  1.00270707 11571
ECHOSTAR 21             
1 42749U 17032A   20209.54037247  .00000059  00000-0  00000+0 0  9997
2 42749   5.4199 312.4663 0002030 162.3381  35.6388  1.00270888 11559
CHINASAT 9A (ZX 9A)     
1 42763U 17035A   20210.06108372 -.00000323  00000-0  00000+0 0  9998
2 42763   0.0414 239.7771 0002084 234.3646 315.4669  1.00272148 12092
BULGARIASAT-1           
1 42801U 17038A   20209.82589567  .00000001  00000-0  00000-0 0  9998
2 42801   0.0142  59.2575 0002482  65.6417 120.2594  1.00272477 11265
HELLAS-SAT 3            
1 42814U 17040A   20210.12034837  .00000142  00000-0  00000+0 0  9990
2 42814   0.0638  23.9813 0003319  52.2909 312.2857  1.00273106 11300
GSAT-17                 
1 42815U 17040B   20210.13125286 -.00000268  00000-0  00000+0 0  9991
2 42815   0.0778 272.2619 0001679   8.3381 166.4480  1.00271405 11314
INTELSAT 35E (IS-35E)   
1 42818U 17041A   20209.81856785 -.00000248  00000-0  00000-0 0  9992
2 42818   0.0490 247.1286 0001864 228.7067  90.2967  1.00271635 11313
COSMOS 2520             
1 42907U 17046A   20210.12156966  .00000127  00000-0  00000+0 0  9990
2 42907   0.0251  99.4976 0000488  84.7180 210.7869  1.00270023 10834
TDRS 13                 
1 42915U 17047A   20209.83485333 -.00000106  00000-0  00000-0 0  9998
2 42915   5.5130 330.2295 0016879 105.6034 159.2123  1.00271042 10787
QZS-3 (MICHIBIKI-3)     
1 42917U 17048A   20209.99434824 -.00000358  00000-0  00000+0 0  9995
2 42917   0.0735 236.6029 0000855 238.6027 315.8254  1.00276263 10819
AMAZONAS 5              
1 42934U 17053A   20209.45437105 -.00000292  00000-0  00000-0 0  9994
2 42934   0.0338 316.1974 0001526 155.2154 296.7328  1.00270609 10526
ASIASAT 9               
1 42942U 17057A   20209.92159348 -.00000370  00000-0  00000-0 0  9996
2 42942   0.0150  99.6108 0002253  12.1602 288.1294  1.00269419 10384
INTELSAT 37E (IS-37E)   
1 42950U 17059A   20209.82188281 -.00000151  00000-0  00000-0 0  9991
2 42950   0.0100  72.4468 0002704  60.8497  90.5248  1.00269879 10495
BSAT-4A                 
1 42951U 17059B   20209.99094604 -.00000360  00000-0  00000+0 0  9996
2 42951   0.0390   3.5359 0003205  90.9536 318.1896  1.00272333 10392
QZS-4 (MICHIBIKI-4)     
1 42965U 17062A   20209.78262664 -.00000336  00000-0  00000+0 0  9998
2 42965  40.8269  11.0654 0746240 268.7334  84.6101  1.00295545 10259
SES-11 (ECHOSTAR 105)   
1 42967U 17063A   20210.09164774 -.00000099  00000-0  00000+0 0  9996
2 42967   0.0157  79.0600 0002593  48.0561 107.1319  1.00270912 10249
KOREASAT 5A             
1 42984U 17067A   20209.84805359 -.00000368  00000-0  00000-0 0  9991
2 42984   0.0146 104.8037 0001983  19.8356 239.7667  1.00271549  9970
ALCOMSAT 1              
1 43039U 17078A   20210.10769914 -.00000196  00000-0  00000+0 0  9990
2 43039   0.0484 219.8428 0001914 256.7068 203.6499  1.00271429  9716
SBIRS GEO-3 (USA 282)   
1 43162U 18009A   20209.70961017 -.00000298  00000-0  00000-0 0  9998
2 43162   4.8786 317.1096 0002537 166.2020 216.9731  1.00270632  9281
AL YAH 3                
1 43174U 18012A   20210.07965428 -.00000166  00000-0  00000+0 0  9990
2 43174   0.0380 261.3737 0002078 224.0289 189.3639  1.00270152  9270
SES-14                  
1 43175U 18012B   20210.10316288 -.00000289  00000-0  00000+0 0  9995
2 43175   0.0229 307.8783 0001090 163.5481 184.4150  1.00270566  9491
GOES 17                 
1 43226U 18022A   20210.01345291  .00000088  00000-0  00000+0 0  9995
2 43226   0.0477 246.6759 0000312 232.9466  54.1434  1.00271108  8878
HISPASAT 30W-6          
1 43228U 18023A   20210.10665233 -.00000227  00000-0  00000+0 0  9995
2 43228   0.0380  55.6345 0005164  46.0090 212.9558  1.00269826  8931
SUPERBIRD 8             
1 43271U 18033A   20210.14494890 -.00000103  00000-0  00000+0 0  9990
2 43271   0.0156 100.4555 0001427  20.6548  39.3066  1.00269902  8486
HYLAS 4                 
1 43272U 18033B   20210.10595444 -.00000244  00000-0  00000+0 0  9990
2 43272   0.0684 119.0994 0004213  37.7311 154.0272  1.00269971  8513
IRNSS-1I                
1 43286U 18035A   20206.82140458  .00000082  00000-0  00000+0 0  9991
2 43286  29.2250 108.8127 0018404 178.8901   5.9486  1.00272298  8475
USA 283                 
1 43339U 18036A   20206.53915918 -.00000324  00000-0  00000+0 0  9990
2 43339   0.0206  83.5177 0000250 193.1859 354.2004  1.00273128  3719
COSMOS 2526             
1 43432U 18037A   20209.70742927 -.00000354  00000-0  00000+0 0  9998
2 43432   0.0242  94.0921 0000764  74.3257 160.1522  1.00269354  8405
APSTAR 6C               
1 43450U 18041A   20210.26523858 -.00000328  00000-0  00000+0 0  9997
2 43450   0.0453 247.3710 0002495 201.3985  87.0990  1.00271685  8283
BANGABANDHUSAT-1        
1 43463U 18044A   20210.06457315 -.00000372  00000-0  00000+0 0  9995
2 43463   0.0119 234.7530 0002021 257.1592 316.6096  1.00272694  8171
SES-12                  
1 43488U 18049A   20210.13160181 -.00000279  00000-0  00000+0 0  9993
2 43488   0.0183  62.5386 0000790 171.1110 214.9579  1.00270107  7865
FENGYUN 2H              
1 43491U 18050A   20209.62586367 -.00000134  00000-0  00000+0 0  9999
2 43491   0.5648 272.5594 0003576 228.9360 108.5984  1.00267807  7947
BEIDOU IGSO-7           
1 43539U 18057A   20209.84761742 -.00000087  00000-0  00000+0 0  9992
2 43539  55.0477 181.8819 0029850 215.3631 325.1678  1.00255189  7599
TELSTAR 19V             
1 43562U 18059A   20210.10002240 -.00000290  00000-0  00000+0 0  9998
2 43562   0.0134 117.3521 0002962  47.3938 114.4704  1.00266592  7608
TELKOM 4 (MERAH PUTIH)  
1 43587U 18064A   20209.70341642 -.00000353  00000-0  00000+0 0  9997
2 43587   0.0220  78.3399 0001462  49.1608 179.5527  1.00268547  7302
TELSTAR 18V (APSTAR 5C) 
1 43611U 18069A   20209.86609918 -.00000304  00000-0  00000-0 0  9997
2 43611   0.0225  72.8447 0002358  54.4473 268.5044  1.00269456  7068
AZERSPACE 2 (IS-38)     
1 43632U 18074A   20210.12156966  .00000126  00000-0  00000+0 0  9997
2 43632   0.0180  79.0545 0001550  43.3037 272.7503  1.00271015  6942
HORIZONS 3E             
1 43633U 18074B   20210.14634469 -.00000041  00000-0  00000+0 0  9996
2 43633   0.0193 239.0426 0000135 169.9143 118.9705  1.00270132  6780
AEHF-4 (USA 288)        
1 43651U 18079A   20209.79553757  .00000123  00000-0  00000-0 0  9991
2 43651   3.7950 311.2005 0005639 171.0106 320.0240  1.00273871  6732
BEIDOU-3 G1             
1 43683U 18085A   20209.85337500 -.00000288  00000-0  00000+0 0  9998
2 43683   1.6829 253.5590 0004348 343.6803 155.8401  1.00265947  6506
GSAT-29                 
1 43698U 18089A   20209.69286087  .00000075  00000-0  00000+0 0  9996
2 43698   0.0544 265.0017 0002562 172.7790 172.4879  1.00274351  6258
ES'HAIL 2               
1 43700U 18090A   20210.11773128  .00000134  00000-0  00000+0 0  9994
2 43700   0.0148  59.6600 0001930  87.4604 227.2701  1.00270140  6368
GEO-KOMPSAT-2A          
1 43823U 18100A   20209.99452271 -.00000354  00000-0  00000+0 0  9994
2 43823   0.0330 197.6836 0002373 266.6152 328.0903  1.00271491  6108
GSAT-11                 
1 43824U 18100B   20209.69669925 -.00000087  00000-0  00000-0 0  9992
2 43824   0.1138 276.2759 0008148 195.7142 158.6370  1.00270973  5952
GSAT-7A                 
1 43864U 18105A   20210.12514635  .00000016  00000-0  00000+0 0  9998
2 43864   0.1072 278.4164 0002312 175.6098 320.0693  1.00273225  5902
COSMOS 2533             
1 43867U 18107A   20209.69582689 -.00000048  00000-0  00000-0 0  9994
2 43867   0.0216 105.0326 0000415 142.5148  18.7574  1.00269326  5850
TJS-3                   
1 43874U 18110A   20209.94393583 -.00000008  00000-0  00000-0 0  9993
2 43874   0.0510 247.2272 0006924 289.2169 282.3679  1.00271698  5857
TJS-3 AKM               
1 43917U 18110C   20209.90236657  .00000045  00000-0  00000-0 0  9995
2 43917   0.0547 202.4906 0002903 275.9392 211.5543  1.00275862  5799
CHINASAT 2D (ZX 2D)     
1 43920U 19001A   20209.56427510 -.00000346  00000-0  00000-0 0  9996
2 43920   0.0501 247.5506 0001121   3.3323  27.9772  1.00273987 32516
HELLAS-SAT 4 & SGS-1    
1 44034U 19007A   20210.12034837  .00000142  00000-0  00000+0 0  9991
2 44034   0.0709 121.8921 0006163  23.2032 243.4614  1.00270963  5811
GSAT-31                 
1 44035U 19007B   20210.12218032  .00000115  00000-0  00000+0 0  9993
2 44035   0.0350 272.3679 0000847 251.0520 234.6694  1.00273311  5407
NUSANTARA SATU          
1 44048U 19009A   20209.56750282 -.00000244  00000-0  00000+0 0  9997
2 44048   0.0175  68.1046 0002275  63.9347 163.9540  1.00271093  5206
CHINASAT 6C (ZX 6C)     
1 44067U 19012A   20209.63607028 -.00000347  00000-0  99999+0 0  9998
2 44067   0.0487 244.8158 0001770   7.3846  52.4965  1.00267309  5168
WGS 10 (USA 291)        
1 44071U 19014A   20210.11738234  .00000129  00000-0  00000+0 0  9996
2 44071   0.0977  99.4901 0000527   7.0818 265.9278  1.00274052  5051
TIANLIAN 2-01           
1 44076U 19017A   20209.76962848 -.00000144  00000-0  00000-0 0  9992
2 44076   1.9135 285.9119 0033992 212.9889 164.0704  1.00270102  5057
ARABSAT-6A              
1 44186U 19021A   20209.83156601  .00000143  00000-0  00000-0 0  9997
2 44186   0.0598 327.4786 0004363 249.3308  58.9712  1.00264041  4632
BEIDOU-3 IGSO-1         
1 44204U 19023A   20209.99199287 -.00000223  00000-0  10000-3 0  9998
2 44204  55.5510  60.4673 0016915 179.8112 176.4765  1.00282320  4798
BEIDOU-2 G8             
1 44231U 19027A   20209.99783767 -.00000256  00000-0  00000+0 0  9995
2 44231   0.8943 298.3169 0006854 268.0241 243.5526  1.00269891  4517
YAMAL 601               
1 44307U 19031A   20209.83522991  .00000110  00000-0  00000-0 0  9996
2 44307   0.0138  90.1681 0001373  32.6105 172.8581  1.00273317  4367
AT&T T-16               
1 44333U 19034A   20209.66180490 -.00000124  00000-0  00000-0 0  9999
2 44333   0.0286 250.3968 0000456 143.8717  48.9088  1.00268941  4073
EUTELSAT 7C             
1 44334U 19034B   20209.82685528  .00000038  00000-0  00000-0 0  9993
2 44334   0.0157 104.5148 0003332   6.8889 139.1849  1.00270410  4550
BEIDOU-3 IGSO-2         
1 44337U 19035A   20209.84691953 -.00000086  00000-0  00000-0 0  9992
2 44337  55.0731 177.9365 0014344 191.0338 349.8096  1.00278139  4131
COSMOS 2539             
1 44457U 19048A   20210.11502698  .00000071  00000-0  00000+0 0  9990
2 44457   0.0281 116.9553 0000062 158.2072  84.4684  1.00270974  3670
EDRS-C                  
1 44475U 19049A   20210.06281208  .00000144  00000-0  00000+0 0  9997
2 44475   0.0326 274.2173 0000256 204.2049 241.5690  1.00274453  3632
INTELSAT 39 (IS-39)     
1 44476U 19049B   20210.18035316  .00000023  00000-0  00000+0 0  9994
2 44476   0.0108  20.1167 0001233 319.4912  93.5510  1.00271582  3610
AMOS-17                 
1 44479U 19050A   20210.11598656  .00000099  00000-0  00000+0 0  9996
2 44479   0.0431 261.5833 0002197 230.6217 232.7638  1.00272981  3639
AEHF-5 (USA 292)        
1 44481U 19051A   20209.88787765  .00000078  00000-0  00000+0 0  9990
2 44481   5.8886 308.0183 0002903 164.6482 207.6142  1.00271018  3708
EUTELSAT 5 WEST B       
1 44624U 19067A   20210.11162477 -.00000053  00000-0  00000+0 0  9995
2 44624   0.0432   9.8913 0006248 105.9331 225.5727  1.00270768  2893
TJS-4                   
1 44637U 19070A   20209.77166307 -.00000180  00000-0  00000-0 0  9991
2 44637   0.0464 244.9328 0003742 142.4464 279.9319  1.00269807  3009
BEIDOU-3 IGSO-3         
1 44709U 19073A   20209.70306747 -.00000195  00000-0  10000-3 0  9991
2 44709  58.3366 303.4922 0024958 187.1988 175.6262  1.00271640  2899
TIBA-1                  
1 44800U 19080A   20209.83252559  .00000146  00000-0  00000-0 0  9997
2 44800   0.0550 348.7612 0002187 145.7874 146.6162  1.00274558  2508
INMARSAT GX5            
1 44801U 19080B   20207.37925781 -.00000213  00000-0  00000-0 0  9995
2 44801   0.0095  56.9591 0004846  97.5183 257.5516  1.00269836  2517
JCSAT-18 (KACIFIC 1)    
1 44868U 19091A   20210.14250630 -.00000211  00000-0  00000+0 0  9990
2 44868   0.0239 122.6342 0000586  33.2988 351.5975  1.00270194  2537
ELEKTRO-L 3             
1 44903U 19095A   20210.12776343 -.00000107  00000-0  00000+0 0  9990
2 44903   0.0719 286.7231 0000871 249.2650 252.2738  1.00272046  2162
SHIJIAN-20 (SJ-20)      
1 44910U 19097A   20209.93301686 -.00000363  00000-0  00000-0 0  9996
2 44910   0.3116  94.7574 0008111 124.0004 188.5181  1.00272360  2138
GSAT-30                 
1 45026U 20005A   20209.77166059 -.00000175  00000-0  00000-0 0  9992
2 45026   0.0720 103.6176 0005496 348.4952 214.5721  1.00272062  1958
JCSAT-17                
1 45245U 20013A   20209.72861494 -.00000322  00000-0  00000+0 0  9997
2 45245   6.8561 344.0266 0003625 157.4412 202.6866  1.00271408  1681
GEO-KOMPSAT-2B          
1 45246U 20013B   20209.99452271 -.00000354  00000-0  00000+0 0  9991
2 45246   0.0476 246.6080 0000545 321.9059 223.8719  1.00271432  1697
BEIDOU-3 G2             
1 45344U 20017A   20210.12837407 -.00000148  00000-0  00000+0 0  9990
2 45344   2.8956 328.6791 0002703 146.9488 316.8569  1.00270720  1716
