TDRS 3                  
1 19548U 88091B   20309.85679833 -.00000290  00000-0  00000-0 0  9998
2 19548  14.1018 356.1792 0037082 318.1405 349.5514  1.00264090104827
FLTSATCOM 8 (USA 46)    
1 20253U 89077A   20309.90115646 -.00000069  00000-0  00000-0 0  9995
2 20253  13.0065   4.4280 0001595 177.6275 258.9323  1.00271508240059
SKYNET 4C               
1 20776U 90079A   20309.82494573  .00000136  00000-0  00000-0 0  9993
2 20776  13.9460   4.7204 0003185 226.1662 144.0003  1.00267789110336
TDRS 5                  
1 21639U 91054B   20309.75123271  .00000095  00000-0  00000-0 0  9996
2 21639  14.3190   9.4804 0022331  11.3888 126.4073  1.00269269107158
TDRS 6                  
1 22314U 93003B   20309.41166019 -.00000285  00000-0  00000-0 0  9995
2 22314  14.0653  12.6485 0004866  90.2005  43.2859  1.00263923101840
UFO 2 (USA 95)          
1 22787U 93056A   20309.33591203  .00000138  00000-0  00000-0 0  9991
2 22787  11.3210  14.4987 0009672 234.3582 304.9222  1.00276082 97970
USA 99 (MILSTAR-1 1)    
1 22988U 94009A   20309.92940397 -.00000181  00000-0  00000-0 0  9999
2 22988  14.3818  49.4835 0001868 188.6603  51.0463  1.00270179 12407
ASTRA 1D                
1 23331U 94070A   20309.52433206 -.00000256  00000-0  00000+0 0  9994
2 23331   9.2984  41.3645 0003131 185.9852 292.6701  1.00270378 95600
USA 107 (DSP 17)        
1 23435U 94084A   20309.64294388 -.00000154  00000-0  00000-0 0  9991
2 23435  14.5712  10.6794 0001313 124.0056  44.4504  1.00268865 12394
UFO 4 (USA 108)         
1 23467U 95003A   20309.70010404 -.00000012  00000-0  00000+0 0  9992
2 23467   9.8467  20.2578 0003061 116.4795 331.8879  1.00271146 94380
AMSC 1                  
1 23553U 95019A   20309.63521105 -.00000086  00000-0  00000-0 0  9994
2 23553  11.3976  30.2003 0001408 275.1834 221.0706  1.00272647 93614
TDRS 7                  
1 23613U 95035B   20309.69138741 -.00000193  00000-0  00000+0 0  9993
2 23613  14.1666   3.3302 0025132  35.1515 339.7893  1.00272236 92595
USA 113                 
1 23628U 95038A   20309.82853067 -.00000326  00000-0  00000-0 0  9991
2 23628  11.5629  29.0444 0001546 193.0142 224.3893  1.00272338 12411
USA 115 (MILSTAR-1 2)   
1 23712U 95060A   20309.62095403 -.00000007  00000-0  00000+0 0  9995
2 23712  13.2773  18.7993 0003088 223.2124 265.8576  1.00272975 11084
INMARSAT 3-F1           
1 23839U 96020A   20309.62016218  .00000028  00000-0  00000-0 0  9992
2 23839   6.3492  61.5536 0005254 150.7738 237.5549  1.00002535 89754
ASTRA 1F                
1 23842U 96021A   20309.88417898 -.00000232  00000-0  00000-0 0  9992
2 23842   0.1765  84.5796 0003152 120.4039 128.0517  0.99120779 31775
MSAT M1                 
1 23846U 96022A   20309.63405584 -.00000075  00000-0  00000-0 0  9994
2 23846   9.4727  40.6965 0002918 195.4185 288.9948  1.00272409 89850
INMARSAT 3-F2           
1 24307U 96053A   20309.83070331  .00000089  00000-0  00000-0 0  9995
2 24307   5.2084  71.0185 0002915 133.4583 200.7199  0.99978676 88413
AMC-1 (GE-1)            
1 24315U 96054A   20309.61118037  .00000079  00000-0  00000+0 0  9995
2 24315   4.2495  77.7162 0003294 148.8467 266.8984  1.00272426 88460
INMARSAT 3-F3           
1 24674U 96070A   20309.61676617  .00000047  00000-0  00000-0 0  9990
2 24674   5.8914  65.4084 0005064 158.0809 220.9751  1.00272537 87407
AMC-2 (GE-2)            
1 24713U 97002A   20309.49548282 -.00000201  00000-0  00000-0 0  9995
2 24713   6.6384  59.5970 0005350 166.6586 271.4993  1.00273297 87025
INTELSAT 26 (IS-26)     
1 24732U 97007A   20309.83105226  .00000016  00000-0  00000-0 0  9999
2 24732   9.2365  42.1479 0003345 210.2546 154.9589  1.00273562 52180
USA 130 (DSP 18)        
1 24737U 97008A   20309.89168128  .00000035  00000-0  00000-0 0  9992
2 24737  13.6369  18.5910 0000027 224.7260 129.7063  1.00267904 12335
GALAXY 25 (G-25)        
1 24812U 97026A   20309.91240517  .00000167  00000-0  00000-0 0  9998
2 24812   2.2536  89.1722 0005315 165.8735 150.9108  1.00272228 85815
INTELSAT 5 (IS-5)       
1 24916U 97046A   20309.60547300  .00000103  00000-0  00000+0 0  9990
2 24916   5.9945  64.7546 0003783 165.6407 254.8935  1.00271849 85054
AMC-3 (GE-3)            
1 24936U 97050A   20309.87580433 -.00000247  00000-0  00000-0 0  9991
2 24936   3.1277  84.5803 0003076 144.6174  58.6920  1.00271643 31870
NSS-5                   
1 24957U 97053A   20309.90023042  .00000117  00000-0  00000-0 0  9994
2 24957   6.2465  62.9712 0003639 160.4997 195.7015  1.00273265 84608
USA 134                 
1 25019U 97065A   20309.63059869 -.00000048  00000-0  00000-0 0  9997
2 25019  10.3798  35.1667 0004555 275.2543 208.9047  1.00268940 12397
ASTRA 1G                
1 25071U 97076A   20309.83096502  .00000031  00000-0  00000-0 0  9995
2 25071   4.9216  72.3382 0003949 153.0293 181.5732  1.00270437 83992
INMARSAT 3-F5           
1 25153U 98006B   20309.40994104 -.00000275  00000-0  00000-0 0  9999
2 25153   5.1087  69.4644 0005224 158.5329 269.7463  1.00273833 83328
UFO 8 (USA 138)         
1 25258U 98016A   20309.82556028 -.00000013  00000-0  00000-0 0  9991
2 25258   8.8103  32.2075 0003154 190.5411 290.4999  1.00272334 83293
ASTRA 2A                
1 25462U 98050A   20309.89569413  .00000161  00000-0  00000-0 0  9998
2 25462   1.9562  91.6499 0002336 131.9124 171.4705  1.00270885 25774
JCSAT-4A                
1 25630U 99006A   20309.83309365 -.00000296  00000-0  00000-0 0  9999
2 25630   4.9066  73.0701 0011795 188.7133 218.7060  1.00270424 30057
SKYNET 4E               
1 25639U 99009B   20309.88993656 -.00000022  00000-0  00000-0 0  9995
2 25639  10.9502  20.2063 0002956 206.3261 137.1602  1.00271912 30825
ASIASAT 3S              
1 25657U 99013A   20309.75672367 -.00000212  00000-0  00000-0 0  9990
2 25657   5.0931  71.5526 0002189 140.7453 252.1069  1.00270882 79262
NIMIQ 1                 
1 25740U 99027A   20309.44209432 -.00000185  00000-0  00000-0 0  9992
2 25740   1.4255  92.8423 0005522 135.9501 247.9965  1.00270051 78499
ABS-7                   
1 25894U 99046A   20309.91026257 -.00000278  00000-0  00000-0 0  9990
2 25894   1.3051  93.5124 0005196 135.9651 243.9831  1.00140904 76579
ABS-6                   
1 25924U 99053A   20309.76046750 -.00000107  00000-0  00000-0 0  9996
2 25924   0.0419  80.1958 0002004 154.3770 242.6764  1.00271128 77313
TELSTAR 12 (ORION 2)    
1 25949U 99059A   20309.63137061 -.00000050  00000-0  00000-0 0  9998
2 25949   3.6335  82.6456 0005168 154.2013 285.6217  1.00272601 76977
AMC-4 (GE-4)            
1 25954U 99060A   20309.71965187  .00000100  00000-0  00000+0 0  9997
2 25954   0.0632  90.9451 0002917 137.4048 300.2649  1.00271301 76925
UFO 10 (USA 146)        
1 25967U 99063A   20309.85844964 -.00000173  00000-0  00000-0 0  9990
2 25967   8.0232  35.2239 0002051 147.9322 147.8836  1.00268800 76786
GALAXY 11 (G-11)        
1 26038U 99071A   20309.58443608 -.00000150  00000-0  00000-0 0  9994
2 26038   1.5535  95.2615 0000638 172.1153 254.2467  1.00272018 76526
USA 148                 
1 26052U 00001A   20309.61930764  .00000054  00000-0  00000-0 0  9995
2 26052   8.6244  45.8117 0000652 169.3777 232.3774  1.00274353 12400
ASIASTAR                
1 26107U 00016A   20309.91104769 -.00000321  00000-0  00000-0 0  9991
2 26107   4.3261  76.2176 0004595 149.3219 252.0937  1.00274313 75376
USA 149 (DSP 20)        
1 26356U 00024A   20309.68848476  .00000110  00000-0  00000-0 0  9995
2 26356  11.6497  25.4408 0000118 246.7925 214.9312  1.00259117 12359
EUTELSAT 80A            
1 26369U 00028A   20309.61261330  .00000133  00000-0  00000-0 0  9999
2 26369   3.7094  80.1309 0004804 145.4603  87.5848  1.00275322 74879
TDRS 8                  
1 26388U 00034A   20309.74355030 -.00000220  00000-0  00000-0 0  9990
2 26388   9.4480  46.5700 0014712 319.5091  35.0456  1.00280174 74613
INTELSAT 9 (IS-9)       
1 26451U 00043A   20309.41729569 -.00000274  00000-0  00000-0 0  9996
2 26451   5.9816  64.9473 0003041 168.9430 270.4919  1.00273051 23580
BRASILSAT B4            
1 26469U 00046A   20309.49751784 -.00000157  00000-0  00000-0 0  9990
2 26469   4.2973  77.4265 0003003 150.1723 263.7295  1.00270394 74405
ASTRA 2B                
1 26494U 00054A   20309.60694296  .00000131  00000-0  00000+0 0  9994
2 26494   4.8220  72.9528 0005050 157.3885  52.0710  1.00272443 73674
NSS-11 (AAP-1)          
1 26554U 00059A   20309.70988146  .00000037  00000-0  00000-0 0  9993
2 26554   0.0487  78.4038 0003054 155.0261 242.5705  1.00271481 20747
USA 153                 
1 26575U 00065A   20309.83339458 -.00000312  00000-0  00000-0 0  9990
2 26575   8.1230  49.1002 0001080 198.0875 231.7185  1.00268050 12376
AMC-6 (GE-6)            
1 26580U 00067A   20309.71886675  .00000116  00000-0  00000-0 0  9994
2 26580   0.0464  82.4061 0003269 164.2018 277.6400  1.00272655 73374
INTELSAT 12 (IS-12)     
1 26590U 00068A   20309.83122674  .00000025  00000-0  00000-0 0  9990
2 26590   3.2569  84.9618 0005563 167.1385 155.9319  1.00271637 31155
INTELSAT 1R (IS-1R)     
1 26608U 00072A   20309.70613029 -.00000125  00000-0  00000-0 0  9992
2 26608   3.0136  85.5056 0000880 333.5224  36.7131  1.00270926 20767
ANIK F1                 
1 26624U 00076A   20309.63344600 -.00000062  00000-0  00000+0 0  9991
2 26624   0.0383 115.1728 0003073  52.8259 357.0978  1.00271330 73168
ASTRA 2D                
1 26638U 00081A   20309.90153896  .00000075  00000-0  00000-0 0  9991
2 26638   6.0740  63.9142 0002013 157.0337 205.4379  1.00272875 32356
AMC-8 (GE-8)            
1 26639U 00081B   20309.65858844  .00000100  00000-0  00000+0 0  9997
2 26639   0.9927  94.3832 0002883 139.7016 272.3775  1.00271227 72714
USA 157 (MILSTAR-2 2)   
1 26715U 01009A   20309.88798625 -.00000175  00000-0  00000-0 0  9992
2 26715   9.4599  29.8825 0003547 224.8407 259.8151  1.00399876 12398
EUTELSAT 133 WEST A     
1 26719U 01011A   20309.72008806  .00000090  00000-0  00000-0 0  9992
2 26719   2.2892  87.7902 0005123 133.6773 309.3686  1.00272565 71982
INTELSAT 10 (IS-10)     
1 26766U 01019A   20309.82671028  .00000136  00000-0  00000-0 0  9996
2 26766   4.2065  77.9640 0004151 156.7823 154.9408  1.00274225 25058
INTELSAT 901 (IS-901)   
1 26824U 01024A   20309.88470240 -.00000190  00000-0  00000-0 0  9997
2 26824   0.0557  88.3473 0001196 149.4287  97.8359  1.00271050  2410
ASTRA 2C                
1 26853U 01025A   20309.89490900  .00000149  00000-0  00000-0 0  9999
2 26853   3.1534  84.3526 0003288 144.8974 161.2360  1.00274371 24480
USA 159 (DSP 21)        
1 26880U 01033A   20309.93000389 -.00000284  00000-0  00000-0 0  9992
2 26880  10.8964  29.4371 0001105 270.4110  30.1668  1.00281747 12403
INTELSAT 902 (IS-902)   
1 26900U 01039A   20309.88016615 -.00000270  00000-0  00000-0 0  9999
2 26900   0.9516  95.1554 0003029 132.5997  83.6083  1.00271558 70159
USA 164 (MILSTAR-2 3)   
1 27168U 02001A   20309.65583139  .00000114  00000-0  00000+0 0  9996
2 27168   8.9075  31.3437 0002775 194.3419  73.8047  1.00277275 11088
ECHOSTAR 7              
1 27378U 02006A   20309.62135858  .00000011  00000-0  00000+0 0  9998
2 27378   0.0042  68.3819 0001674 173.8700 267.0017  1.00275816 68506
INTELSAT 904 (IS-904)   
1 27380U 02007A   20309.88426622 -.00000201  00000-0  00000-0 0  9995
2 27380   1.7890  91.8832 0003363 133.6065 107.9632  1.00271431 31200
TDRS 9                  
1 27389U 02011A   20309.92970405 -.00000273  00000-0  00000-0 0  9996
2 27389   7.7822  66.1292 0024303 276.9023 334.0736  1.00274697 69887
JCSAT-2A                
1 27399U 02015A   20309.91558396 -.00000323  00000-0  00000-0 0  9997
2 27399   3.2295  84.1311 0002122 142.4318 275.4108  1.00387813 68340
ASTRA 3A                
1 27400U 02015B   20309.44134160 -.00000190  00000-0  00000-0 0  9999
2 27400   6.1956  62.6993 0001889 167.9585 245.6263  1.00272691 68161
NSS-7                   
1 27414U 02019A   20309.59900449 -.00000144  00000-0  00000-0 0  9994
2 27414   4.5479  75.7413 0002328 156.9916   7.2213  1.00270965 68007
DIRECTV 5 (TEMPO 1)     
1 27426U 02023A   20309.63114706 -.00000044  00000-0  00000+0 0  9998
2 27426   0.0123 279.9043 0003228 304.4774 297.0811  1.00269251 67745
INTELSAT 905 (IS-905)   
1 27438U 02027A   20309.66992736 -.00000171  00000-0  00000-0 0  9997
2 27438   1.6091  92.7383 0002796 131.1554  37.2003  1.00272136 30807
GALAXY 3C (G-3C)        
1 27445U 02030A   20309.57964222 -.00000138  00000-0  00000-0 0  9991
2 27445   0.0256 291.7993 0001908  26.9346 199.1970  1.00270335 25942
EUTELSAT 5 WEST A       
1 27460U 02035A   20309.88915144 -.00000030  00000-0  00000-0 0  9997
2 27460   0.8906  95.4435 0005721 135.0387 129.2156  1.00271646 67057
METEOSAT-8 (MSG-1)      
1 27509U 02040B   20309.89839845  .00000149  00000-0  00000-0 0  9991
2 27509   6.9719  53.4791 0001983 211.3410 144.6609  1.00277080 66691
INTELSAT 906 (IS-906)   
1 27513U 02041A   20309.83113949  .00000027  00000-0  00000-0 0  9996
2 27513   0.6159  97.4596 0003047 123.5561 186.8946  1.00271044 66461
HISPASAT 30W-4          
1 27528U 02044A   20309.71808163  .00000130  00000-0  00000-0 0  9996
2 27528   1.4042  92.5227 0003473 128.8748 298.5177  1.00270956 22417
TDRS 10                 
1 27566U 02055A   20309.75273646  .00000103  00000-0  00000-0 0  9996
2 27566   7.1499  52.9503 0005457 276.3692 175.0234  1.00269279 65670
NSS-6                   
1 27603U 02057A   20309.78455549  .00000120  00000-0  00000-0 0  9996
2 27603   0.1504  97.4095 0004946 132.8063 287.2509  1.00270745 65482
NIMIQ 2                 
1 27632U 02062A   20309.49878616 -.00000163  00000-0  00000-0 0  9994
2 27632   4.6607  74.9904 0002101 286.3064 131.3526  1.00271087 23621
USA 167                 
1 27691U 03008A   20309.61147716  .00000067  00000-0  00000+0 0  9995
2 27691   6.9075  58.0820 0001578 355.6693  80.7601  1.00277118 11062
USA 169 (MILSTAR-2 4)   
1 27711U 03012A   20309.89136528 -.00000182  00000-0  00000-0 0  9992
2 27711   9.2577  43.9206 0003423 191.2321 282.4357  1.00269852 12394
GALAXY 12 (G-12)        
1 27715U 03013B   20309.61219058  .00000071  00000-0  00000-0 0  9993
2 27715   1.8238  91.2733 0002034 136.7197 267.7395  1.00271395 31533
ASIASAT 4               
1 27718U 03014A   20309.92480087  .00000165  00000-0  00000-0 0  9997
2 27718   0.0312 122.1681 0001812  99.6749 193.9139  1.00271871 24738
HELLAS-SAT 2            
1 27811U 03020A   20309.64286714 -.00000138  00000-0  00000-0 0  9999
2 27811   2.2432  90.6782 0001800 134.6932 315.2469  1.00272415 22289
THURAYA-2               
1 27825U 03026A   20309.89892186  .00000140  00000-0  00000-0 0  9995
2 27825   6.0636  33.3193 0004694 184.3563 194.5366  1.00271084 63794
OPTUS C1                
1 27831U 03028B   20309.88243155 -.00000137  00000-0  00000-0 0  9996
2 27831   1.7503  92.7542 0006332 131.2502 293.9859  1.00273618 32509
GALAXY 23 (G-23)        
1 27854U 03034A   20309.61901712  .00000025  00000-0  00000+0 0  9993
2 27854   0.0190 261.4328 0002889 318.1114 286.6474  1.00271133 67985
USA 170                 
1 27875U 03040A   20309.66635068 -.00000258  00000-0  00000-0 0  9996
2 27875   6.1666  63.5583 0003330 122.1243  56.2650  1.00275855 12404
GALAXY 13 (HORIZONS 1)  
1 27954U 03044A   20309.61440111  .00000060  00000-0  00000-0 0  9996
2 27954   0.0279 118.5054 0000705 264.5669 115.4638  1.00273871 26017
YAMAL 202               
1 28089U 03053A   20309.78713146 -.00000066  00000-0  00000-0 0  9992
2 28089   1.1820  93.9008 0004422  97.2149 300.2770  1.00273343 62127
UFO 11 (USA 174)        
1 28117U 03057A   20309.83340763 -.00000090  00000-0  00000-0 0  9992
2 28117   6.2187  37.5903 0001031 258.0652 124.3948  1.00271610 61898
USA 176 (DSP 22)        
1 28158U 04004A   20309.74355030 -.00000206  00000-0  00000-0 0  9992
2 28158   9.3398  38.4595 0000660 198.4208 162.6278  1.00271072 12371
ABS-4 (MOBISAT-1)       
1 28184U 04007A   20309.83052884  .00000053  00000-0  00000-0 0  9994
2 28184   0.8648  95.2428 0005310 130.1261 179.1532  1.00273420 31779
EUTELSAT 7A             
1 28187U 04008A   20309.89290258  .00000054  00000-0  00000-0 0  9994
2 28187   0.6591  90.4254 0001937  53.4219 236.2121  0.99953103 60795
DIRECTV 7S              
1 28238U 04016A   20309.62019332  .00000013  00000-0  00000+0 0  9997
2 28238   0.0569  87.3024 0000184 113.4581 307.7842  1.00271965 60496
AMC-11 (GE-11)          
1 28252U 04017A   20309.61197109  .00000081  00000-0  00000+0 0  9997
2 28252   0.0184 323.0925 0002771 269.4449 261.1120  1.00271245 60149
INTELSAT 10-02          
1 28358U 04022A   20309.88993656  .00000001  00000-0  00000-0 0  9993
2 28358   0.0223 264.5989 0003010 322.4434 136.9759  1.00271212 60040
ANIK F2                 
1 28378U 04027A   20309.62999556 -.00000038  00000-0  00000+0 0  9997
2 28378   0.0213 284.2410 0000324 348.1449 247.6985  1.00272117 59791
AMC-15                  
1 28446U 04041A   20309.63461260 -.00000076  00000-0  00000-0 0  9999
2 28446   0.0608  79.9815 0003138 157.8154 289.9788  1.00272141 58760
AMC-16                  
1 28472U 04048A   20309.58609356 -.00000194  00000-0  00000+0 0  9999
2 28472   0.0333  65.2178 0003069 170.8258 294.2681  1.00271881 58252
NSS-10 (AMC-12)         
1 28526U 05003A   20309.88269597 -.00000238  00000-0  00000-0 0  9993
2 28526   1.3487  93.1440 0003108 131.1029 100.6874  1.00272042 32591
XTAR-EUR                
1 28542U 05005A   20308.79857270  .00000164  00000-0  00000+0 0  9999
2 28542   0.0185 271.7069 0002763 311.8931 136.4185  1.00272896 57615
XM-3 (RHYTHM)           
1 28626U 05008A   20309.50018113 -.00000193  00000-0  00000+0 0  9993
2 28626   0.0173 272.8024 0000381 350.7547 235.6582  1.00272026 57503
INMARSAT 4-F1           
1 28628U 05009A   20309.70342597 -.00000248  00000-0  00000-0 0  9996
2 28628   3.2454  28.5390 0003096 201.0213 211.5955  1.00271335 57114
APSTAR 6                
1 28638U 05012A   20309.82300399 -.00000072  00000-0  00000-0 0  9993
2 28638   2.0356  90.8014 0004531 144.3917 268.5086  1.00271862 81820
DIRECTV 8               
1 28659U 05019A   20309.62019278  .00000014  00000-0  00000-0 0  9999
2 28659   0.0136 266.1026 0002756 329.9257 272.5333  1.00271100 56561
GALAXY 28 (G-28)        
1 28702U 05022A   20309.49971175 -.00000173  00000-0  00000-0 0  9997
2 28702   0.0097 299.4846 0000798  33.6605 161.9714  1.00269932 31506
EXPRESS-AM3             
1 28707U 05023A   20309.91069874 -.00000310  00000-0  00000-0 0  9997
2 28707   2.1626  89.4852 0001241  65.4202 320.6313  1.00272747 56285
THAICOM 4               
1 28786U 05028A   20309.90466074 -.00000351  00000-0  00000-0 0  9996
2 28786   0.0156 272.6794 0002743 313.5642 263.5817  1.00271370 31717
GALAXY 14 (G-14)        
1 28790U 05030A   20309.55067809  .00000049  00000-0  00000-0 0  9991
2 28790   0.0444  79.3032 0002581 144.5012 253.7185  1.00271183 55753
ANIK F1R                
1 28868U 05036A   20308.91556713 -.00000061  00000-0  00000-0 0  9994
2 28868   0.0277  41.7442 0000898 207.0247  17.1739  1.00272095 25886
GALAXY 15 (G-15)        
1 28884U 05041A   20309.60864043  .00000091  00000-0  00000+0 0  9994
2 28884   0.0186 150.4238 0001622  68.3197 271.6986  1.00273889 55068
SYRACUSE 3A             
1 28885U 05041B   20309.89953252  .00000141  00000-0  00000-0 0  9994
2 28885   0.0115 309.8170 0002793 261.8088 203.8106  1.00270376 55187
INMARSAT 4-F2           
1 28899U 05044A   20309.83113949  .00000022  00000-0  00000-0 0  9995
2 28899   3.1038  31.2530 0003063 202.2716 174.1299  1.00272417 54960
TELKOM 2                
1 28902U 05046A   20309.71924282 -.00000125  00000-0  00000-0 0  9994
2 28902   0.0239 119.6758 0001180 316.3468  24.3645  1.00271493 54881
SPACEWAY 2              
1 28903U 05046B   20309.71886675  .00000116  00000-0  00000-0 0  9997
2 28903   0.5104  92.1091 0000813 165.1867 267.0554  1.00271646 30786
METEOSAT-9 (MSG-2)      
1 28912U 05049B   20309.67551046  .00000031  00000-0  00000-0 0  9992
2 28912   4.7208  69.5191 0000895 243.2066 338.3389  1.00266944 54470
EUTELSAT 174A           
1 28924U 05052A   20309.70944528  .00000022  00000-0  00000-0 0  9994
2 28924   0.0684  10.2267 0006604 215.3229 248.2789  1.00272123 31779
ECHOSTAR 10             
1 28935U 06003A   20309.63114635 -.00000043  00000-0  00000+0 0  9996
2 28935   0.0408  75.1319 0001514 155.2727 290.9726  1.00271420 53951
SPAINSAT                
1 28945U 06007A   20308.96184008 -.00000203  00000-0  00000+0 0  9995
2 28945   0.0172 222.0126 0006209   7.3335 130.6402  1.00272603 53660
EUTELSAT HOT BIRD 13E   
1 28946U 06007B   20309.89272811  .00000099  00000-0  00000-0 0  9992
2 28946   0.0476 241.2056 0007042 337.1488 160.6447  1.00270443 53743
JCSAT-5A                
1 29045U 06010A   20309.70115784 -.00000315  00000-0  00000+0 0  9993
2 29045   0.0397 105.4776 0002076 126.4513 196.9670  1.00270255 53387
ASTRA 1KR               
1 29055U 06012A   20309.67865095  .00000132  00000-0  00000-0 0  9996
2 29055   0.0113 253.4371 0005298 335.1672  79.3314  1.00270407 25166
EWS-G1 (GOES 13)        
1 29155U 06018A   20309.83070331  .00000048  00000-0  00000-0 0  9998
2 29155   0.1852 114.9767 0008527 105.1223 185.1953  1.00269026 52950
EUTELSAT 113 WEST A     
1 29162U 06020A   20309.62883428 -.00000025  00000-0  00000-0 0  9991
2 29162   0.0268  97.0543 0002968 131.1714 289.5015  1.00271536 52922
GALAXY 16 (G-16)        
1 29236U 06023A   20309.64040876 -.00000115  00000-0  00000+0 0  9999
2 29236   0.0161 269.5362 0002847 319.5261 306.8525  1.00271731 52708
EUTELSAT HOT BIRD 13B   
1 29270U 06032A   20309.89272811  .00000099  00000-0  00000-0 0  9991
2 29270   0.0772 326.6560 0003281 285.7815 126.5645  1.00270447 26749
JCSAT-3A                
1 29272U 06033A   20309.91567119 -.00000333  00000-0  00000-0 0  9997
2 29272   0.0432 101.6384 0002125 132.2801 268.3716  1.00270429 27189
SYRACUSE 3B             
1 29273U 06033B   20309.88915144 -.00000031  00000-0  00000-0 0  9994
2 29273   0.0159 268.8060 0004663 309.1256 141.5852  1.00274933 52142
KOREASAT 5 (MUGUNGWHA 5)
1 29349U 06034A   20309.90466074 -.00000346  00000-0  00000-0 0  9994
2 29349   0.0127 265.2993 0001741 347.5365 230.5298  1.00270161 20763
DIRECTV 9S              
1 29494U 06043A   20309.63807951 -.00000101  00000-0  00000-0 0  9997
2 29494   0.0139 221.8578 0003305   5.5218 305.4942  1.00271843 30835
OPTUS D1                
1 29495U 06043B   20309.76046750 -.00000098  00000-0  00000-0 0  9999
2 29495   0.0581  90.3092 0003628 133.3143 254.6332  1.00271914 51562
XM-4 (BLUES)            
1 29520U 06049A   20309.65497480 -.00000011  00000-0  00000+0 0  9996
2 29520   0.0109 244.6855 0000067 139.7949 140.4287  1.00271253 51439
BADR-4                  
1 29526U 06051A   20309.89534519  .00000156  00000-0  00000-0 0  9996
2 29526   0.0530 334.5958 0005518 288.0206 130.2965  1.00271848 30714
WILDBLUE-1              
1 29643U 06054A   20309.62999503 -.00000037  00000-0  00000-0 0  9997
2 29643   0.0137 270.4252 0001951 319.0436 290.5122  1.00273525 33249
AMC-18                  
1 29644U 06054B   20309.61553090 -.00000004  00000-0  00000+0 0  9997
2 29644   0.0157 295.8607 0001697 208.6032 355.7814  1.00676845 50994
MEASAT-3                
1 29648U 06056A   20309.90843060 -.00000230  00000-0  00000-0 0  9996
2 29648   0.0607 109.5460 0002642  86.6924 266.9400  1.00272060 29914
INSAT-4B                
1 30793U 07007A   20309.90720929 -.00000177  00000-0  00000-0 0  9994
2 30793   0.7734  95.9298 0007183 151.8567 208.9485  1.00273056 21653
SKYNET 5A               
1 30794U 07007B   20309.83733326 -.00000259  00000-0  00000-0 0  9993
2 30794   0.8968  91.0284 0003557 136.4194 213.7562  1.00271616 50137
ANIK F3                 
1 31102U 07009A   20309.65117162  .00000011  00000-0  00000+0 0  9997
2 31102   0.0201 278.4631 0002243 316.3918 285.2461  1.00274514 49774
ASTRA 1L                
1 31306U 07016A   20309.89394941  .00000132  00000-0  00000-0 0  9994
2 31306   0.0322 325.9322 0004519 295.4270 124.2884  1.00270549 24470
GALAXY 17 (G-17)        
1 31307U 07016B   20309.58487226 -.00000162  00000-0  00000-0 0  9994
2 31307   0.0454  81.2598 0003526 143.6333 298.9801  1.00271754 49378
ZHONGXING-6B            
1 31800U 07031A   20309.90466074 -.00000350  00000-0  00000-0 0  9992
2 31800   0.0240 271.3391 0003637 326.0164 248.4152  1.00267880 48872
DIRECTV 10              
1 31862U 07032A   20309.63692441 -.00000091  00000-0  00000+0 0  9991
2 31862   0.0382  73.6171 0000467 215.5387 241.7257  1.00272883 48841
SPACEWAY 3              
1 32018U 07036A   20309.64271260 -.00000140  00000-0  00000+0 0  9997
2 32018   0.0028  29.0177 0000235 178.4322 333.3388  1.00272787 48567
BSAT-3A                 
1 32019U 07036B   20309.89771912 -.00000338  00000-0  00000-0 0  9994
2 32019   0.0374 202.2294 0004221  29.3413 246.0879  1.00270283 29968
INSAT-4CR               
1 32050U 07037A   20309.89970699  .00000137  00000-0  00000-0 0  9999
2 32050   1.6673  91.9620 0009383 164.0753 160.3487  1.00272944 30822
OPTUS D2                
1 32252U 07044A   20309.65538785 -.00000171  00000-0  00000-0 0  9990
2 32252   0.0147 285.9941 0003752 296.5915 209.7532  1.00272199 48001
INTELSAT 11 (IS-11)     
1 32253U 07044B   20309.66617622 -.00000256  00000-0  00000-0 0  9994
2 32253   0.0133 277.5601 0002406 339.2516 344.4228  1.00270994 48037
WGS F1 (USA 195)        
1 32258U 07046A   20309.89133234  .00000053  00000-0  00000-0 0  9992
2 32258   0.0174 251.9767 0000421 337.5476 141.9857  1.00271782 31819
STAR ONE C1             
1 32293U 07056A   20309.87720010 -.00000264  00000-0  00000-0 0  9999
2 32293   0.0023  37.0887 0003028 199.4696  58.8421  1.00270789 31215
SKYNET 5B               
1 32294U 07056B   20309.89517072  .00000154  00000-0  00000-0 0  9991
2 32294   0.1008  53.1932 0003970 169.2231 169.5290  1.00271082 47630
ASTRA 4A (SIRIUS 4)     
1 32299U 07057A   20309.60397694  .00000045  00000-0  00000-0 0  9991
2 32299   0.0167 351.9689 0003255 235.1091  39.5097  1.00272904 31123
HORIZONS 2              
1 32388U 07063B   20309.43590983 -.00000170  00000-0  00000-0 0  9994
2 32388   0.0174 290.8880 0002457 308.8362  46.2198  1.00271112 47287
THURAYA-3               
1 32404U 08001A   20309.17340883 -.00000290  00000-0  00000-0 0  9992
2 32404   3.7877  12.4925 0004865 208.2528 344.0858  1.00271418 46927
EXPRESS-AM33            
1 32478U 08003A   20308.90444988 -.00000268  00000-0  00000-0 0  9991
2 32478   0.0002 298.8597 0001094 326.8759 199.9956  1.00270414 47042
THOR 5                  
1 32487U 08006A   20309.89002380  .00000003  00000-0  00000-0 0  9995
2 32487   0.0101 253.0252 0002634 339.5034 131.7530  1.00271253 46741
AMC-14                  
1 32708U 08011A   20308.96054260  .00000094  00000-0  00000+0 0  9997
2 32708  21.1837  45.6428 0035143   2.7935 359.0474  1.00275786 47532
DIRECTV 11              
1 32729U 08013A   20309.64040775 -.00000114  00000-0  00000+0 0  9998
2 32729   0.0082  83.4865 0000197 128.9035 323.3642  1.00273372 46372
ICO G1                  
1 32763U 08016A   20309.58452331 -.00000159  00000-0  00000-0 0  9997
2 32763   3.6732  15.6364 0002123 206.4636 299.7727  1.00270828 45903
VINASAT-1               
1 32767U 08018A   20309.62936260 -.00000316  00000-0  00000-0 0  9991
2 32767   0.0114 307.0832 0002018 300.6783 155.1026  1.00268892 46033
STAR ONE C2             
1 32768U 08018B   20309.87615328 -.00000253  00000-0  00000-0 0  9998
2 32768   0.0704 103.7054 0002796 125.3410  60.9800  1.00272526 46119
TIANLIAN 1-01           
1 32779U 08019A   20309.90616247 -.00000126  00000-0  00000-0 0  9995
2 32779   4.4262  71.9376 0030525 255.7465 123.1203  1.00271754 45862
AMOS-3                  
1 32794U 08022A   20309.67402744 -.00000022  00000-0  00000-0 0  9990
2 32794   0.0402 103.3113 0002584 124.4275  55.2100  1.00273697 61802
GALAXY 18 (G-18)        
1 32951U 08024A   20309.61784536  .00000037  00000-0  00000+0 0  9997
2 32951   0.0119 271.0244 0003178 317.0808 275.6279  1.00271554 45528
CHINASAT 9 (ZX 9)       
1 33051U 08028A   20309.90808166 -.00000236  00000-0  00000-0 0  9994
2 33051   0.0141 274.6588 0003987 320.6002 228.4953  1.00272516 45488
SKYNET 5C               
1 33055U 08030A   20309.88662159 -.00000127  00000-0  00000-0 0  9997
2 33055   0.0676 353.3481 0005042 234.0122 118.6232  1.00271038 45395
TURKSAT 3A              
1 33056U 08030B   20309.89848568  .00000158  00000-0  00000-0 0  9992
2 33056   0.0645  84.3934 0003484 123.8192 201.8704  1.00274836 31793
INTELSAT 25 (IS-25)     
1 33153U 08034A   20309.66853157 -.00000211  00000-0  00000-0 0  9990
2 33153   0.0091 228.2679 0003157   6.3294  18.9737  1.00271340 45162
BADR-6                  
1 33154U 08034B   20309.89534519  .00000157  00000-0  00000-0 0  9992
2 33154   0.0591  40.0814 0002328 201.3602 151.5171  1.00274670 45196
ECHOSTAR 11             
1 33207U 08035A   20309.63114622 -.00000044  00000-0  00000-0 0  9999
2 33207   0.0536  91.8780 0002764 134.1562 295.5546  1.00271566 30686
SUPERBIRD-C2            
1 33274U 08038A   20309.76355632 -.00000239  00000-0  00000-0 0  9994
2 33274   0.0339 118.7019 0002047 107.5451 237.0773  1.00271263 85171
AMC-21                  
1 33275U 08038B   20309.52592458  .00000049  00000-0  00000-0 0  9996
2 33275   0.0293  56.7202 0002608 169.8040 242.1543  1.00271583 44907
INMARSAT 4-F3           
1 33278U 08039A   20309.64048307 -.00000127  00000-0  00000-0 0  9990
2 33278   3.1611  13.8597 0002820 210.5073 312.5516  1.00270780 25993
NIMIQ 4                 
1 33373U 08044A   20309.61850668 -.00000208  00000-0  00000+0 0  9999
2 33373   0.0254 282.9114 0002329 304.0816 318.0179  1.00270046 44273
GALAXY 19 (G-19)        
1 33376U 08045A   20309.64156552 -.00000127  00000-0  00000-0 0  9998
2 33376   0.0180 270.2319 0003479 324.4791 303.6191  1.00271106 44380
ASTRA 1M                
1 33436U 08057A   20309.89394941  .00000132  00000-0  00000-0 0  9996
2 33436   0.0392 105.7200 0003937  90.5803 189.3582  1.00275138 25175
CIEL-2                  
1 33453U 08063A   20309.61211278  .00000070  00000-0  00000-0 0  9994
2 33453   0.0415 106.2154 0003488 130.2314 259.4079  1.00272660 43597
EUTELSAT HOT BIRD 13C   
1 33459U 08065A   20309.89272811  .00000099  00000-0  00000-0 0  9993
2 33459   0.0266 309.6432 0003117 244.9515 184.4120  1.00270145 26782
EUTELSAT 48D            
1 33460U 08065B   20309.89970699  .00000135  00000-0  00000-0 0  9995
2 33460   0.0949  97.5364 0004041 123.6384 195.4839  1.00275705 43395
FENGYUN 2E              
1 33463U 08066A   20308.39996414 -.00000190  00000-0  00000-0 0  9998
2 33463   4.6289  68.0607 0003260 299.4933 266.2528  1.00271064 43512
EXPRESS-AM44            
1 33595U 09007A   20309.88793013 -.00000076  00000-0  00000-0 0  9998
2 33595   0.0091 283.7523 0000257 262.5902 166.9362  1.00272423 42995
NSS-9                   
1 33749U 09008A   20309.71127722  .00000084  00000-0  00000-0 0  9998
2 33749   0.0222 313.7113 0002305 274.0398 255.8193  1.00272131 42978
EUTELSAT 33E            
1 33750U 09008B   20309.89674097  .00000168  00000-0  00000-0 0  9994
2 33750   0.0616  26.0964 0003871 194.6286 179.8032  1.00272997 42884
TELSTAR 11N             
1 34111U 09009A   20309.66731028 -.00000238  00000-0  00000-0 0  9999
2 34111   0.0161 270.4929 0002496 306.6283  29.9601  1.00273209 25684
EUTELSAT 10A            
1 34710U 09016A   20309.92480498  .00000080  00000-0  00000-0 0  9997
2 34710   0.0699  10.8464 0005203 209.5289 167.1848  1.00271619 20698
WGS F2 (USA 204)        
1 34713U 09017A   20309.91924378  .00000059  00000-0  00000-0 0  9996
2 34713   0.0182 248.2580 0000511  45.3087 142.1835  1.00270748 25059
SES-7 (PROTOSTAR 2)     
1 34941U 09027A   20309.89771912 -.00000333  00000-0  00000-0 0  9997
2 34941   0.0776  92.3831 0002711 143.9853 239.6913  1.00270819 42066
MEASAT-3A               
1 35362U 09032A   20309.74432148 -.00000230  00000-0  00000-0 0  9996
2 35362   0.0301 220.0166 0003668  13.3013 170.6037  1.00270527 41683
GOES 14                 
1 35491U 09033A   20309.63577277 -.00000081  00000-0  00000-0 0  9995
2 35491   0.2621 266.6376 0013705 313.4603 308.8420  1.00272763 41555
SIRIUS FM-5             
1 35493U 09034A   20309.58583185 -.00000188  00000-0  00000-0 0  9995
2 35493   0.0180 293.5355 0000052 350.2013 245.3397  1.00271004 26093
TERRESTAR-1             
1 35496U 09035A   20309.63014278 -.00000044  00000-0  00000-0 0  9998
2 35496   2.6061  22.2566 0002715 202.0770 295.8469  1.00271988 41576
ASIASAT 5               
1 35696U 09042A   20309.91017532 -.00000295  00000-0  00000-0 0  9993
2 35696   0.0491 106.3414 0001686  95.3296 271.1143  1.00269483 41130
JCSAT-RA (JCSAT-12)     
1 35755U 09044A   20309.70848566 -.00000019  00000-0  00000-0 0  9991
2 35755   0.0618  96.6199 0001983 130.1501 241.6113  1.00272710 41052
OPTUS D3                
1 35756U 09044B   20309.75093177 -.00000134  00000-0  00000+0 0  9994
2 35756   0.0422  21.6240 0003077 221.5141 227.6725  1.00272819 41077
PALAPA D                
1 35812U 09046A   20308.56592917 -.00000345  00000-0  00000+0 0  9997
2 35812   0.4955  94.5044 0003894 171.6027  93.8884  1.00271053 41103
NIMIQ 5                 
1 35873U 09050A   20309.52366752 -.00000244  00000-0  00000-0 0  9991
2 35873   0.0459  91.3621 0003558 141.0547 287.6527  1.00270767 40787
AMAZONAS 2              
1 35942U 09054A   20309.87798523 -.00000270  00000-0  00000-0 0  9994
2 35942   0.0563 105.9492 0003933  86.1944 107.5699  1.00272672 40625
COMSATBW-1              
1 35943U 09054B   20309.91924378  .00000036  00000-0  00000-0 0  9998
2 35943   0.0857  95.0593 0002867 134.2197 209.2945  1.00272571 40737
NSS-12                  
1 36032U 09058A   20309.90153896  .00000083  00000-0  00000-0 0  9992
2 36032   0.0205   6.8600 0003065 227.8289 191.4864  1.00271034 40358
THOR 6                  
1 36033U 09058B   20309.89002380  .00000003  00000-0  00000-0 0  9994
2 36033   0.0270 139.7774 0002364 112.6173 111.7866  1.00272625 40458
INTELSAT 14 (IS-14)     
1 36097U 09064A   20309.45044160 -.00000261  00000-0  00000-0 0  9992
2 36097   0.0145 271.5731 0002744 322.3567 287.4161  1.00271049 40128
EUTELSAT 36B            
1 36101U 09065A   20309.90997093  .00000167  00000-0  00000-0 0  9995
2 36101   0.0706   9.6101 0004795 213.6843 184.8123  1.00271877 40166
INTELSAT 15 (IS-15)     
1 36106U 09067A   20309.91368927 -.00000174  00000-0  00000-0 0  9990
2 36106   0.0176 289.8624 0002443 301.8975 226.9629  1.00271928 20746
WGS F3 (USA 211)        
1 36108U 09068A   20309.88775566 -.00000084  00000-0  00000-0 0  9990
2 36108   0.0180 284.6901 0000427 332.5772  94.9523  1.00268442 26042
DIRECTV 12              
1 36131U 09075A   20309.63692490 -.00000091  00000-0  00000-0 0  9999
2 36131   0.0190 164.4242 0000371  72.2522 294.2602  1.00272484 26012
BEIDOU 3                
1 36287U 10001A   20309.89196716 -.00000268  00000-0  00000-0 0  9996
2 36287   1.5723  35.2304 0004590 128.8223 342.1860  1.00272085 39615
RADUGA-1M 2             
1 36358U 10002A   20309.91368927 -.00000172  00000-0  00000-0 0  9998
2 36358   0.0511 258.5732 0002617  13.9962 185.9928  1.00271468 29532
SDO                     
1 36395U 10005A   20309.51168545 -.00000035  00000-0  00000-0 0  9990
2 36395  30.5600 118.9504 0000600  51.6293 316.2735  1.00273373 39502
INTELSAT 16 (IS-16)     
1 36397U 10006A   20309.87493198 -.00000232  00000-0  00000-0 0  9996
2 36397   0.0149 284.3373 0002408 305.6355  53.4095  1.00272066 39276
GOES 15                 
1 36411U 10008A   20309.61326788  .00000065  00000-0  00000-0 0  9990
2 36411   0.2113 100.6156 0000996 303.0628  93.4728  1.00280944 39114
ECHOSTAR 14             
1 36499U 10010A   20309.62135812  .00000013  00000-0  00000-0 0  9999
2 36499   0.0162 267.7681 0002479 326.6489 274.7271  1.00271773 26005
SES-1                   
1 36516U 10016A   20309.45251167 -.00000102  00000-0  00000-0 0  9998
2 36516   0.0541  90.0753 0002809 139.9396 236.0819  1.00273309 38483
ASTRA 3B                
1 36581U 10021A   20309.89482177  .00000149  00000-0  00000-0 0  9991
2 36581   0.0406 325.8078 0003076 260.7910 163.6587  1.00273453 38315
COMSATBW-2              
1 36582U 10021B   20309.89281535  .00000100  00000-0  00000-0 0  9994
2 36582   0.0573  92.3765 0002292 143.6666 143.1686  1.00270377 38399
BADR-5                  
1 36592U 10025A   20309.89534519  .00000157  00000-0  00000-0 0  9994
2 36592   0.0122 208.3183 0004701 343.5554 201.0739  1.00273498 32650
COMS 1                  
1 36744U 10032A   20309.91567119 -.00000332  00000-0  00000-0 0  9992
2 36744   0.0371 108.5060 0001032 134.4797 259.4607  1.00271027 30532
ARABSAT-5A              
1 36745U 10032B   20309.89621755  .00000165  00000-0  00000-0 0  9990
2 36745   0.0680  43.5249 0004407 169.3948 184.8122  1.00270674 38085
ECHOSTAR 15             
1 36792U 10034A   20309.87789800 -.00000269  00000-0  00000-0 0  9994
2 36792   0.0136 276.0621 0002135 288.0825  94.8611  1.00271149 37775
BEIDOU 5                
1 36828U 10036A   20309.79954953 -.00000060  00000-0  10000-3 0  9993
2 36828  54.1642 181.6801 0100245 234.2935  36.1671  1.00272686 37653
NILESAT 201             
1 36830U 10037A   20309.88871525 -.00000045  00000-0  00000-0 0  9999
2 36830   0.0575 141.6675 0004131  71.7769 144.0975  1.00271904 37807
RASCOM-QAF 1R           
1 36831U 10037B   20309.89072168  .00000031  00000-0  00000-0 0  9991
2 36831   0.0107 307.6162 0005680 279.3867 141.1476  1.00272102 37736
AEHF-1 (USA 214)        
1 36868U 10039A   20309.89098339  .00000040  00000-0  00000-0 0  9991
2 36868   3.0787  95.2011 0002374  74.6796 199.4587  1.00271306 33099
CHINASAT 6A (ZX 6A)     
1 37150U 10042A   20308.98191543 -.00000342  00000-0  00000-0 0  9996
2 37150   0.0101 217.4951 0003131 328.7184 336.0355  1.00268746 37335
QZS-1 (MICHIBIKI-1)     
1 37158U 10045A   20309.42164664 -.00000060  00000-0  00000+0 0  9997
2 37158  41.7485 141.6197 0748248 270.3919 284.5367  1.00281117 37150
XM-5                    
1 37185U 10053A   20309.58600633 -.00000193  00000-0  00000+0 0  9991
2 37185   0.0195 281.6967 0001570 121.3460 127.0208  1.00270993 36886
BSAT-3B                 
1 37207U 10056B   20309.89424477 -.00000339  00000-0  00000-0 0  9996
2 37207   0.0377 330.2539 0003556 308.0434 198.1062  1.00270633 31614
BEIDOU 6                
1 37210U 10057A   20309.76046750 -.00000099  00000-0  00000-0 0  9994
2 37210   0.7679  41.2917 0007218 177.5831 259.4289  1.00272324 36726
SKYTERRA 1              
1 37218U 10061A   20309.63815956 -.00000105  00000-0  00000-0 0  9993
2 37218   2.1273   6.3691 0003177 188.7758 337.6436  1.00271824 36630
ZHONGXING-20A           
1 37234U 10064A   20309.96755204 -.00000338  00000-0  00000-0 0  9997
2 37234   1.1950  95.2014 0002865 165.2742 258.8525  1.00266025 36428
HYLAS 1                 
1 37237U 10065A   20309.71924282 -.00000131  00000-0  00000-0 0  9999
2 37237   0.4595  95.0610 0002145 131.0928 233.6088  1.00271101 36422
INTELSAT 17 (IS-17)     
1 37238U 10065B   20309.47259953  .00000010  00000-0  00000-0 0  9994
2 37238   0.0255 155.7908 0002648  70.3368  54.2050  1.00271867 32833
BEIDOU 7                
1 37256U 10068A   20309.94689520 -.00000199  00000-0  00000-0 0  9995
2 37256  51.2503 296.6692 0081904 215.4027 352.7203  1.00267311 36242
EUTELSAT KA-SAT 9A      
1 37258U 10069A   20309.67664453  .00000074  00000-0  00000+0 0  9996
2 37258   0.0365 326.5648 0001123 168.1910 162.2854  1.00272485 36251
HISPASAT 30W-5          
1 37264U 10070A   20309.88417898 -.00000203  00000-0  00000-0 0  9993
2 37264   0.0500  98.2225 0004094 102.2417 132.4328  1.00273782 32627
KOREASAT 6              
1 37265U 10070B   20309.89685109 -.00000350  00000-0  00000-0 0  9990
2 37265   0.0402  86.3955 0001910 158.9678 238.1089  1.00269434 36214
BEIDOU 8                
1 37384U 11013A   20309.52976721 -.00000189  00000-0  10000-3 0  9997
2 37384  59.4674  60.1777 0052415 202.4018  90.6965  1.00266558 35112
INTELSAT NEW DAWN       
1 37392U 11016A   20309.91057271  .00000168  00000-0  00000-0 0  9994
2 37392   0.0130 221.5912 0001480  15.3246 168.3299  1.00272048 32744
YAHSAT 1A               
1 37393U 11016B   20309.90057935  .00000113  00000-0  00000-0 0  9991
2 37393   0.0114 271.2700 0002334 325.8518 184.1988  1.00270012 21843
SBIRS GEO-1 (USA 230)   
1 37481U 11019A   20309.90337090  .00000002  00000-0  00000-0 0  9992
2 37481   1.9349 349.8104 0002256 223.5518 222.6706  1.00272426 34849
TELSTAR 14R             
1 37602U 11021A   20309.87754905 -.00000268  00000-0  00000-0 0  9999
2 37602   0.0601  86.6269 0000889 185.5692  25.3330  1.00271345 35260
GSAT-8                  
1 37605U 11022A   20309.90110278  .00000096  00000-0  00000-0 0  9994
2 37605   0.0351 118.5258 0007977 137.7084 167.8664  1.00271810 32656
ST-2                    
1 37606U 11022B   20309.90773271 -.00000199  00000-0  00000-0 0  9998
2 37606   0.0145 268.1120 0002124 327.4105 223.8942  1.00269797 34722
CHINASAT 10 (ZX 10)     
1 37677U 11026A   20309.91218175 -.00000340  00000-0  00000-0 0  9996
2 37677   0.0753 265.7295 0004746 290.5028 287.2826  1.00269112 34431
TIANLIAN 1-02           
1 37737U 11032A   20309.98017355 -.00000003  00000-0  00000-0 0  9990
2 37737   2.8359  74.2814 0016983 111.4584  22.8715  1.00275375 34162
GSAT-12                 
1 37746U 11034A   20309.90668588 -.00000153  00000-0  00000-0 0  9990
2 37746   0.0838 277.4148 0007195 178.1409 358.4793  1.00272137 22942
SES-3                   
1 37748U 11035A   20309.63692416 -.00000090  00000-0  00000-0 0  9990
2 37748   0.0438  74.0989 0002971 156.1977 300.3656  1.00272239 34059
KAZSAT-2                
1 37749U 11035B   20309.90738376 -.00000186  00000-0  00000-0 0  9993
2 37749   0.0184 283.0251 0001447   7.3383 167.4452  1.00270608 32835
BEIDOU 9                
1 37763U 11038A   20309.87687411 -.00000036  00000-0  10000-3 0  9999
2 37763  54.4470 184.0853 0072670 224.0068  47.5848  1.00265132 34086
ASTRA 1N                
1 37775U 11041A   20309.89394941  .00000132  00000-0  00000-0 0  9993
2 37775   0.0519  40.3364 0000964 172.0463 173.2817  1.00273187 23966
BSAT-3C (JCSAT-110R)    
1 37776U 11041B   20309.33781993 -.00000339  00000-0  00000-0 0  9990
2 37776   0.0693  94.8560 0000129 268.1878 272.6183  1.00271446 29920
PAKSAT-1R               
1 37779U 11042A   20309.90997093  .00000165  00000-0  00000-0 0  9993
2 37779   0.0163 356.3036 0000749 240.3733 173.5530  1.00274139 33910
CHINASAT 1A (ZX 1A)     
1 37804U 11047A   20309.01368970 -.00000326  00000-0  00000-0 0  9995
2 37804   0.0487  62.7937 0001964 217.7259 257.9832  1.00269276 33500
COSMOS 2473             
1 37806U 11048A   20309.88705777 -.00000109  00000-0  00000-0 0  9992
2 37806   0.3830  98.1558 0003230  91.6880 158.8253  1.00265661 33506
SES-2                   
1 37809U 11049A   20309.44099867 -.00000184  00000-0  00000+0 0  9996
2 37809   0.0125 311.1421 0003083 273.4006 251.3816  1.00270939 33436
ARABSAT-5C              
1 37810U 11049B   20309.89412389  .00000135  00000-0  00000-0 0  9991
2 37810   0.0642  13.8243 0004983 192.1202 180.5422  1.00273241 33496
EUTELSAT 7 WEST A       
1 37816U 11051A   20309.67332956 -.00000048  00000-0  00000-0 0  9991
2 37816   0.0913  56.3789 0008076 144.7330  78.3856  1.00271555 33336
QUETZSAT 1              
1 37826U 11054A   20309.87475750 -.00000229  00000-0  00000-0 0  9998
2 37826   0.0178 346.0212 0002855 242.0648  54.4290  1.00272452 29332
INTELSAT 18 (IS-18)     
1 37834U 11056A   20309.71066656  .00000065  00000-0  00000-0 0  9990
2 37834   0.0076 290.9612 0002001 301.4539 247.8695  1.00273357 33350
EUTELSAT 16A            
1 37836U 11057A   20309.89333876  .00000116  00000-0  00000-0 0  9990
2 37836   0.0705   1.0385 0004615 225.4921 155.7015  1.00273381 25421
VIASAT-1                
1 37843U 11059A   20309.65497501 -.00000011  00000-0  00000-0 0  9995
2 37843   0.0160 270.0112 0002609 315.2419 299.8296  1.00270982 26764
ASIASAT 7               
1 37933U 11069A   20309.89166767 -.00000322  00000-0  00000-0 0  9994
2 37933   0.0425 100.1040 0001332  91.9941 278.9948  1.00268993 24300
BEIDOU 10               
1 37948U 11073A   20309.36308749 -.00000140  00000-0  10000-3 0  9997
2 37948  51.3455 296.2743 0071222 216.8925 116.7940  1.00264145 32833
LUCH 5A                 
1 37951U 11074B   20309.82045767 -.00000031  00000-0  00000-0 0  9996
2 37951   3.5796 110.9231 0002092  97.5279 298.5800  1.00269200 32632
NIGCOMSAT 1R            
1 38014U 11077A   20309.89857293  .00000156  00000-0  00000-0 0  9999
2 38014   0.0125 261.1473 0001339 265.7254 243.7271  1.00274386 32391
FENGYUN 2F              
1 38049U 12002A   20309.69714498 -.00000344  00000-0  00000-0 0  9993
2 38049   2.3846  83.0547 0001363   1.4512 322.9243  1.00263646 32325
WGS F4 (USA 233)        
1 38070U 12003A   20309.90781994 -.00000204  00000-0  00000-0 0  9992
2 38070   0.0179 247.9973 0000883 332.1143 239.7428  1.00272130 23594
SES-4                   
1 38087U 12007A   20309.67045078 -.00000155  00000-0  00000-0 0  9999
2 38087   0.0221 312.0490 0002462 272.2163  39.4827  1.00272547 31688
BEIDOU 11               
1 38091U 12008A   20309.91924378  .00000068  00000-0  00000-0 0  9993
2 38091   1.7754  69.9168 0002963 215.7624 148.6146  1.00274812 31923
MUOS-1                  
1 38093U 12009A   20309.63931700 -.00000115  00000-0  00000-0 0  9996
2 38093   2.5418  12.6590 0050664 356.2163 165.6459  1.00272731 31884
INTELSAT 22 (IS-22)     
1 38098U 12011A   20309.90450498 -.00000047  00000-0  00000-0 0  9998
2 38098   0.0073 311.7008 0002765 267.8139 222.8363  1.00272355 31258
APSTAR 7                
1 38107U 12013A   20309.90537734 -.00000090  00000-0  00000-0 0  9998
2 38107   0.0154 274.0752 0003344 320.4948 212.4803  1.00271038 31244
YAHSAT 1B               
1 38245U 12016A   20309.46841220  .00000139  00000-0  00000+0 0  9995
2 38245   0.0215 257.9727 0002122 331.0841  31.3277  1.00268953 31357
AEHF-2 (USA 235)        
1 38254U 12019A   20309.92722729 -.00000263  00000-0  00000-0 0  9991
2 38254   2.2286  51.2441 0003469 120.4569 139.1705  1.00275475 30291
JCSAT-13                
1 38331U 12023A   20309.90413993 -.00000344  00000-0  00000-0 0  9990
2 38331   0.0111 260.1515 0002247 325.7121 268.2569  1.00270673 30972
VINASAT-2               
1 38332U 12023B   20309.70107060 -.00000317  00000-0  00000-0 0  9994
2 38332   0.0138 302.6547 0001885 286.2932 199.7099  1.00270617 26099
NIMIQ 6                 
1 38342U 12026A   20309.58487226 -.00000161  00000-0  00000+0 0  9995
2 38342   0.0590  86.2303 0002637 139.1051 298.4249  1.00270398 31031
CHINASAT 2A (ZX 2A)     
1 38352U 12028A   20309.83794390 -.00000281  00000-0  00000-0 0  9993
2 38352   0.0205 334.4401 0003723 340.3884 129.6467  1.00272418 30827
INTELSAT 19 (IS-19)     
1 38356U 12030A   20309.70787501 -.00000044  00000-0  00000-0 0  9999
2 38356   0.0116 279.1433 0003192 309.7527 236.3711  1.00270958 29907
ECHOSTAR 17             
1 38551U 12035A   20309.63344678 -.00000063  00000-0  00000-0 0  9998
2 38551   0.0130 265.0073 0002048 315.0731 305.2253  1.00272127 30516
METEOSAT-10 (MSG-3)     
1 38552U 12035B   20309.89203022  .00000073  00000-0  00000-0 0  9994
2 38552   1.2899 349.7127 0001232 249.6550 135.7408  1.00277415 30307
SES-5                   
1 38652U 12036A   20309.89115786  .00000046  00000-0  00000-0 0  9995
2 38652   0.0481  80.5552 0002064 150.5002 139.3525  1.00270686 23934
TIANLIAN 1-03           
1 38730U 12040A   20309.89421112  .00000138  00000-0  00000-0 0  9992
2 38730   0.5566 100.6733 0003139 238.0211  48.1291  1.00279340 30439
INTELSAT 20 (IS-20)     
1 38740U 12043A   20309.63868894 -.00000012  00000-0  00000-0 0  9992
2 38740   0.0108 240.6727 0002686 300.7990 161.3116  1.00270713 30183
HYLAS 2                 
1 38741U 12043B   20309.89630479  .00000166  00000-0  00000-0 0  9996
2 38741   0.0164 277.2883 0001941 300.8008 180.2461  1.00275580 30202
INTELSAT 21 (IS-21)     
1 38749U 12045A   20309.87859588 -.00000272  00000-0  00000-0 0  9997
2 38749   0.0117 270.7454 0002347 319.9304  72.1876  1.00267589 29983
ASTRA 2F                
1 38778U 12051A   20309.89578137  .00000162  00000-0  00000-0 0  9993
2 38778   0.0643 238.8833 0005018 351.2228 165.2235  1.00274640 20617
GSAT-10                 
1 38779U 12051B   20309.62757701 -.00000153  00000-0  00000-0 0  9992
2 38779   0.0901  93.4608 0002639 161.8552  97.9585  1.00272048 29552
INTELSAT 23 (IS-23)     
1 38867U 12057A   20309.92752765 -.00000272  00000-0  00000-0 0  9996
2 38867   0.0178 245.2088 0001761 329.6180 110.7488  1.00273366 29427
BEIDOU 16               
1 38953U 12059A   20309.96507751 -.00000164  00000-0  00000-0 0  9991
2 38953   1.4327  84.4332 0007047 252.4497 139.2709  1.00272683 29496
LUCH 5B                 
1 38977U 12061A   20309.67149760 -.00000120  00000-0  00000-0 0  9992
2 38977   6.0398  66.7068 0002507 132.0104  71.1526  1.00271477 29619
YAMAL 300K              
1 38978U 12061B   20309.71127722  .00000084  00000-0  00000+0 0  9999
2 38978   0.0161 248.9496 0001091 341.2041 253.3047  1.00272027 29313
STAR ONE C3             
1 38991U 12062A   20309.87519368 -.00000237  00000-0  00000-0 0  9995
2 38991   0.0536  90.7024 0003368 150.8761  43.0959  1.00271846 29208
EUTELSAT 21B            
1 38992U 12062B   20309.89447282  .00000142  00000-0  00000-0 0  9997
2 38992   0.0707   1.4008 0002269 222.6546 164.1734  1.00274316 29276
ECHOSTAR 16             
1 39008U 12065A   20309.49910639 -.00000269  00000-0  00000-0 0  9997
2 39008   0.0236 253.8239 0002060 328.4058 300.1365  1.00269758 29066
CHINASAT 12 (ZX 12)     
1 39017U 12067A   20309.91368927 -.00000195  00000-0  00000-0 0  9991
2 39017   0.0135 274.8533 0003523 301.7858 244.4253  1.00270410 28951
EUTELSAT 70B            
1 39020U 12069A   20309.90424326 -.00000032  00000-0  00000-0 0  9992
2 39020   0.0912  55.0722 0005949 153.8320 231.7499  1.00270917 28954
YAMAL 402               
1 39022U 12070A   20309.90110278  .00000097  00000-0  00000-0 0  9994
2 39022   0.0126 296.8381 0003058 305.7652 181.3277  1.00272940 28833
SKYNET 5D               
1 39034U 12075A   20309.90066660  .00000111  00000-0  00000-0 0  9994
2 39034   0.0796 347.9753 0003942 235.5596 198.0876  1.00273196 28619
MEXSAT 3                
1 39035U 12075B   20309.40597924 -.00000014  00000-0  00000+0 0  9994
2 39035   0.0407  92.4571 0002409 112.6639 230.3652  1.00272931 28910
TDRS 11                 
1 39070U 13004A   20309.71188788  .00000090  00000-0  00000-0 0  9998
2 39070   3.6362 333.9752 0002712  43.7819 108.7282  1.00278685 26134
AMAZONAS 3              
1 39078U 13006A   20309.87798523 -.00000270  00000-0  00000-0 0  9990
2 39078   0.0241 225.5459 0005559   0.1129  74.0097  1.00270195 24339
AZERSPACE 1             
1 39079U 13006B   20309.89935804  .00000145  00000-0  00000-0 0  9998
2 39079   0.0041 281.4279 0002293 325.8684 167.0856  1.00272698 28244
SBIRS GEO-2 (USA 241)   
1 39120U 13011A   20309.89421112  .00000132  00000-0  00000-0 0  9999
2 39120   2.0071 349.3219 0002315 222.6866 175.1197  1.00272710 27988
EUTELSAT 117 WEST A     
1 39122U 13012A   20308.95656250 -.00000000  00000-0  00000+0 0  9995
2 39122   0.0213 325.3711 0002934 252.8473  53.0416  1.00269801 27898
ANIK G1                 
1 39127U 13014A   20309.63344632 -.00000062  00000-0  00000-0 0  9995
2 39127   0.0117 260.9017 0002950 347.6780 276.5257  1.00272048 27691
CHINASAT 11 (ZX 11)     
1 39157U 13020A   20307.26351209 -.00000280  00000-0  00000-0 0  9992
2 39157   0.0123 263.5613 0001466  18.6579 312.6604  1.00270678 27565
EUTELSAT 7B             
1 39163U 13022A   20309.89150681  .00000060  00000-0  00000-0 0  9998
2 39163   0.0689  26.4522 0002582 286.7919  59.3046  1.00272447 27415
WGS F5 (USA 243)        
1 39168U 13024A   20309.92752765 -.00000272  00000-0  00000-0 0  9996
2 39168   0.0170 287.9457 0000537 334.0816  64.0571  1.00271861 26613
SES-6                   
1 39172U 13026A   20309.66669963 -.00000249  00000-0  00000-0 0  9995
2 39172   0.0170 323.1121 0002343 279.4556   1.3482  1.00272141 27167
IRNSS-1A                
1 39199U 13034A   20309.47059310  .00000112  00000-0  00000+0 0  9998
2 39199  31.1501  94.5469 0020998 179.9230 354.2259  1.00276938 27083
MUOS-2                  
1 39206U 13036A   20309.71118998  .00000077  00000-0  00000+0 0  9994
2 39206   2.5681   1.5525 0055787 182.4786 299.4248  1.00273764 26747
ALPHASAT                
1 39215U 13038A   20309.89508348  .00000147  00000-0  00000-0 0  9996
2 39215   2.5025  18.9714 0002301 212.8376 159.9055  1.00272751 23465
INSAT-3D                
1 39216U 13038B   20309.43590983 -.00000144  00000-0  00000-0 0  9991
2 39216   0.1260  96.6186 0001557 141.9256  44.6313  1.00271567 26541
WGS F6 (USA 244)        
1 39222U 13041A   20309.71965187  .00000101  00000-0  00000-0 0  9997
2 39222   0.0183 247.3379 0000833  34.2787 246.7231  1.00272242 25497
ES'HAIL 1               
1 39233U 13044A   20309.89525795  .00000155  00000-0  00000-0 0  9997
2 39233   0.0560  22.4590 0001793 192.0187 177.9061  1.00272115 26078
GSAT-7                  
1 39234U 13044B   20309.90494116 -.00000066  00000-0  00000-0 0  9994
2 39234   0.1214  97.7779 0008946 160.4937 186.1272  1.00271834 24766
AMOS-4                  
1 39237U 13045A   20309.90310920  .00000019  00000-0  00000-0 0  9995
2 39237   0.0155 266.8002 0001099 333.5023 194.4398  1.00271816 26393
AEHF-3 (USA 246)        
1 39256U 13050A   20309.91226898 -.00000343  00000-0  00000-0 0  9994
2 39256   0.6122  24.4270 0004306 219.7548 239.9187  1.00268126 25110
ASTRA 2E                
1 39285U 13056A   20309.89586861  .00000162  00000-0  00000-0 0  9996
2 39285   0.0703 333.9169 0002619 248.6008 173.0850  1.00271510 25906
SIRIUS FM-6             
1 39360U 13058A   20309.65497569 -.00000004  00000-0  00000-0 0  9998
2 39360   0.0283 282.7034 0000793 171.5620  69.7338  1.00270516 25514
RADUGA-1M 3             
1 39375U 13062A   20309.09910446  .00000169  00000-0  10000-3 0  9996
2 39375   0.7746  96.1829 0004970 321.0528  57.2620  1.00275619 25560
SES-8                   
1 39460U 13071A   20309.83733326 -.00000258  00000-0  00000-0 0  9999
2 39460   0.0162 232.8634 0001132 332.8507 235.3043  1.00272107 23887
INMARSAT 5-F1           
1 39476U 13073A   20309.39841045  .00000040  00000-0  00000-0 0  9995
2 39476   0.0144 273.6735 0000250  80.2112 256.2443  1.00269921 25029
TKSAT-1 (TUPAC KATARI)  
1 39481U 13075A   20309.58565738 -.00000183  00000-0  00000-0 0  9995
2 39481   0.0083 291.0227 0002295 307.0073 289.9329  1.00273179 25031
EXPRESS-AM5             
1 39487U 13077A   20309.89196716 -.00000268  00000-0  00000-0 0  9997
2 39487   0.0164 280.6112 0000973  89.7344 135.4109  1.00270640 25806
GSAT-14                 
1 39498U 14001A   20309.90494116 -.00000066  00000-0  00000-0 0  9990
2 39498   0.0111 259.8698 0005471 342.2423 202.3016  1.00271668 24856
THAICOM 6               
1 39500U 14002A   20309.91368927 -.00000111  00000-0  00000-0 0  9997
2 39500   0.0676 112.2397 0003484  85.1243 254.7136  1.00274855 24898
TDRS 12                 
1 39504U 14004A   20309.41135927 -.00000261  00000-0  00000-0 0  9996
2 39504   4.4869 339.5316 0002566 222.7187 309.0075  1.00269177 23712
ABS-2                   
1 39508U 14006A   20309.90511562 -.00000075  00000-0  00000-0 0  9992
2 39508   0.0161 315.2465 0002805 276.3973 213.7723  1.00271898 24730
ATHENA-FIDUS            
1 39509U 14006B   20309.90997093  .00000166  00000-0  00000-0 0  9990
2 39509   0.0184 274.0406 0001472 315.5788 180.4085  1.00273936 24514
TURKSAT 4A              
1 39522U 14007A   20309.89848568  .00000158  00000-0  00000-0 0  9997
2 39522   0.0291 269.5250 0004567 332.2850 168.2530  1.00271240 24423
EXPRESS-AT1             
1 39612U 14010A   20307.40188330  .00000089  00000-0  00000-0 0  9993
2 39612   0.0285 275.4744 0000185  86.1426 241.2483  1.00275183 24469
EXPRESS-AT2             
1 39613U 14010B   20309.89196716 -.00000269  00000-0  00000-0 0  9997
2 39613   0.0127 339.6320 0000649 296.9144 229.0245  1.00272281 23961
AMAZONAS 4A             
1 39616U 14011A   20309.87536816 -.00000241  00000-0  00000-0 0  9998
2 39616   0.0915  78.1322 0003744 150.2789  57.3433  1.00273458 24130
ASTRA 5B                
1 39617U 14011B   20309.89639203  .00000167  00000-0  00000-0 0  9991
2 39617   0.0665 300.8158 0004340 274.0343 183.9897  1.00270572 24100
IRNSS-1B                
1 39635U 14017A   20309.47059310  .00000095  00000-0  00000+0 0  9995
2 39635  29.1228 274.8948 0018776 191.5836 162.1616  1.00275948 24236
LUCH 5V                 
1 39727U 14023A   20309.90904125 -.00000258  00000-0  00000-0 0  9998
2 39727   0.4370   9.9893 0000835 209.2503 247.3830  1.00274943 23809
KAZSAT-3                
1 39728U 14023B   20309.91465056  .00000072  00000-0  00000-0 0  9998
2 39728   0.0109 211.6646 0000378 121.8049  98.9538  1.00270841 21895
EUTELSAT 3B             
1 39773U 14030A   20309.89080892  .00000032  00000-0  00000-0 0  9990
2 39773   0.0800 329.5695 0006615 232.1634 166.6851  1.00272979 23507
USA 253                 
1 40099U 14043A   20307.17136650  .00000158  00000-0  00000+0 0  9998
2 40099   0.1106 105.6158 0005161 107.6902 295.1475  1.00091385  7474
USA 254                 
1 40100U 14043B   20307.56086797  .00000142  00000-0  00000+0 0  9993
2 40100   0.8962  95.3074 0011116 350.2382 356.7388  1.00272375  7175
ASIASAT 8               
1 40107U 14046A   20309.92618061 -.00000021  00000-0  00000-0 0  9998
2 40107   0.0340 115.3265 0002105  94.0502 164.8056  1.00272429 81592
ASIASAT 6               
1 40141U 14052A   20309.90466074 -.00000350  00000-0  00000-0 0  9991
2 40141   0.0458  91.9521 0000830 136.4797 261.7839  1.00271042 22506
OPTUS 10                
1 40146U 14054A   20309.75093177 -.00000135  00000-0  00000+0 0  9991
2 40146   0.0618 253.6455 0004215 310.5217 266.6231  1.00269542 22563
MEASAT-3B               
1 40147U 14054B   20309.47765921 -.00000229  00000-0  00000-0 0  9999
2 40147   0.0381  21.6506 0001417 238.3635  47.6351  1.00268725 22341
LUCH (OLYMP)            
1 40258U 14058A   20309.88950038  .00000013  00000-0  00000-0 0  9996
2 40258   0.0156 262.4514 0002351 276.8617 182.1276  1.00437518 20430
HIMAWARI-8              
1 40267U 14060A   20309.89196716 -.00000264  00000-0  00000-0 0  9994
2 40267   0.0370 164.6963 0000965  86.3964 255.2802  1.00269877 22202
IRNSS-1C                
1 40269U 14061A   20309.90668588 -.00000147  00000-0  00000-0 0  9990
2 40269   1.9976 164.7249 0020834   9.1854 280.1266  1.00270994 22126
INTELSAT 30 (IS-30)     
1 40271U 14062A   20309.64271243 -.00000139  00000-0  00000+0 0  9993
2 40271   0.0145 275.1815 0001804 189.7572  75.7516  1.00270952 22200
ARSAT 1                 
1 40272U 14062B   20309.87580433 -.00000247  00000-0  00000-0 0  9994
2 40272   0.0371 106.2397 0001607 117.7068  64.1554  1.00271912 22057
EXPRESS-AM6             
1 40277U 14064A   20309.46998245  .00000110  00000-0  00000+0 0  9997
2 40277   0.0214 274.7945 0000214 119.9186 231.6752  1.00272311 22107
GSAT-16                 
1 40332U 14078A   20309.90110278  .00000096  00000-0  00000-0 0  9999
2 40332   0.0191 260.6207 0004222 224.3849 299.0802  1.00273383 21561
DIRECTV 14              
1 40333U 14078B   20309.64040407 -.00000113  00000-0  00000-0 0  9998
2 40333   0.0148 190.6403 0000361  90.8360 254.2071  1.00271942 21490
YAMAL 401               
1 40345U 14082A   20309.47739751 -.00000217  00000-0  00000+0 0  9998
2 40345   0.0137 234.1108 0001009  83.0275 348.9030  1.00274653 21843
ASTRA 2G                
1 40364U 14089A   20309.89578137  .00000162  00000-0  00000-0 0  9990
2 40364   0.0523  70.0330 0000793 359.8615 325.4110  1.00272612 21402
FENGYUN 2G              
1 40367U 14090A   20309.91008808 -.00000292  00000-0  00000-0 0  9996
2 40367   2.4142  92.6674 0002631 265.0739 114.3977  1.00275980 21482
MUOS-3                  
1 40374U 15002A   20309.88705777 -.00000118  00000-0  00000-0 0  9990
2 40374   2.7119 351.1683 0057757 182.4836 174.8313  1.00271251 21021
INMARSAT 5-F2           
1 40384U 15005A   20309.87920654 -.00000273  00000-0  00000-0 0  9998
2 40384   0.0182 271.3609 0000262 295.6343  99.1073  1.00271597 20421
ABS-3A                  
1 40424U 15010A   20309.81779240 -.00000014  00000-0  00000-0 0  9999
2 40424   0.0221 280.2011 0000470 142.5899 273.1816  1.00270355 20849
EUTELSAT 115 WEST B     
1 40425U 15010B   20309.62651765 -.00000013  00000-0  00000-0 0  9999
2 40425   0.0138 121.8117 0000396 334.4133  58.7633  1.00272411 20843
EXPRESS-AM7             
1 40505U 15012A   20309.90786442  .00000162  00000-0  00000-0 0  9996
2 40505   0.0157 279.5683 0003130 311.6339 180.2791  1.00273939 20444
IRNSS-1D                
1 40547U 15018A   20309.33808163 -.00000286  00000-0  00000+0 0  9997
2 40547  28.9772 274.9750 0019090 187.1374 175.2964  1.00266839 20686
BEIDOU 17               
1 40549U 15019A   20309.39980968 -.00000149  00000-0  00000-0 0  9999
2 40549  52.8485 319.5896 0040290 194.0987 128.7543  1.00256548 20519
THOR 7                  
1 40613U 15022A   20309.89002380  .00000004  00000-0  00000-0 0  9992
2 40613   0.0397 105.0327 0002770 122.7282 136.6073  1.00271689 20263
TURKMENALEM52E/MONACOSAT
1 40617U 15023A   20309.90049212  .00000115  00000-0  00000-0 0  9997
2 40617   0.0142 280.4910 0003580 308.2533 192.1050  1.00274830 20275
DIRECTV 15              
1 40663U 15026A   20309.63692503 -.00000090  00000-0  00000-0 0  9991
2 40663   0.0038 250.7576 0000148 301.9926 338.0312  1.00269421 19901
SKY MEXICO-1            
1 40664U 15026B   20309.44737633 -.00000222  00000-0  00000-0 0  9992
2 40664   0.0166 283.8833 0002458 315.3044 247.2747  1.00272043 19955
METEOSAT-11 (MSG-4)     
1 40732U 15034A   20309.89011104  .00000006  00000-0  00000-0 0  9993
2 40732   0.5089 268.0742 0001981 267.3061 189.2943  1.00270638 19488
STAR ONE C4             
1 40733U 15034B   20309.87615328 -.00000253  00000-0  00000-0 0  9995
2 40733   0.0682  78.5093 0002245 184.7230  26.7901  1.00271112 19465
WGS F7 (USA 263)        
1 40746U 15036A   20309.75153366  .00000030  00000-0  00000-0 0  9999
2 40746   0.0127 267.4789 0000102 283.4782 299.0893  1.00272105 19326
INTELSAT 34 (IS-34)     
1 40874U 15039A   20309.87911929 -.00000273  00000-0  00000-0 0  9994
2 40874   0.0147 274.0945 0000188 239.2084 152.2867  1.00270619 19077
EUTELSAT 8 WEST B       
1 40875U 15039B   20309.88854079 -.00000053  00000-0  00000-0 0  9994
2 40875   0.0709  16.0738 0002556 174.1518 166.2476  1.00271797 19097
GSAT-6                  
1 40880U 15041A   20309.90659865 -.00000148  00000-0  00000-0 0  9997
2 40880   0.1095 100.5685 0006159 130.5124 222.4183  1.00271549 19088
INMARSAT 5-F3           
1 40882U 15042A   20309.71057933  .00000062  00000-0  00000-0 0  9991
2 40882   0.0174 273.2929 0000534 359.1992 207.3548  1.00271031 19015
MUOS-4                  
1 40887U 15044A   20309.90520286 -.00000084  00000-0  00000-0 0  9990
2 40887   2.8283 347.1837 0052566 355.0682 103.2672  1.00272002 19003
TJS-1                   
1 40892U 15046A   20309.88243155 -.00000144  00000-0  10000-3 0  9993
2 40892   0.1250  96.4192 0005260 235.9423 184.9329  1.00272959 18993
EXPRESS-AM8             
1 40895U 15048A   20309.67202102 -.00000099  00000-0  00000-0 0  9997
2 40895   0.0023 302.6387 0000590 342.9101 346.7889  1.00272389 18811
BEIDOU 20               
1 40938U 15053A   20309.40647465 -.00000128  00000-0  00000-0 0  9990
2 40938  52.4103 282.6303 0047833 192.5879 170.5943  1.00287102 18808
SKY MUSTER (NBN1A)      
1 40940U 15054A   20309.42888694 -.00000266  00000-0  00000-0 0  9990
2 40940   0.0135 267.5591 0001937 318.5297 112.7108  1.00270645 18697
ARSAT 2                 
1 40941U 15054B   20309.88105076 -.00000213  00000-0  00000-0 0  9999
2 40941   0.0372 109.1146 0001832 121.3805  50.3020  1.00272000 18762
MORELOS 3               
1 40946U 15056A   20309.65195674 -.00000035  00000-0  00000-0 0  9996
2 40946   4.6037 329.1866 0000836 190.9318   5.8385  1.00272245 18728
APSTAR 9                
1 40982U 15059A   20309.70307703 -.00000254  00000-0  00000-0 0  9996
2 40982   0.0540  92.7744 0002276  81.4764 265.2902  1.00269951 18563
TURKSAT 4B              
1 40984U 15060A   20309.90014317  .00000127  00000-0  00000-0 0  9996
2 40984   0.0114 144.7591 0002320  87.0015 186.8762  1.00272501 18557
CHINASAT 2C (ZX 2C)     
1 41021U 15063A   20308.97764087 -.00000312  00000-0  00000-0 0  9991
2 41021   0.0456  59.1289 0001145 291.3675 148.6062  1.00272535 18442
GSAT-15                 
1 41028U 15065A   20309.83698431 -.00000246  00000-0  00000-0 0  9991
2 41028   0.0549 277.8592 0003942 276.2914 245.2178  1.00270686 18259
BADR-7 (ARABSAT-6B)     
1 41029U 15065B   20309.89534519  .00000157  00000-0  00000-0 0  9994
2 41029   0.0411 260.8365 0006480 335.5708 156.5197  1.00272290 18201
LAOSAT 1                
1 41034U 15067A   20309.70045994 -.00000331  00000-0  00000-0 0  9991
2 41034   0.0178  46.1855 0001636 141.6975 237.1969  1.00268799 18309
TELSTAR 12V             
1 41036U 15068A   20309.88714501 -.00000107  00000-0  00000-0 0  9991
2 41036   0.0162 279.1442 0001534 316.2166 113.6206  1.00270191 18067
CHINASAT 1C (ZX 1C)     
1 41103U 15073A   20309.96507751 -.00000140  00000-0  00000-0 0  9995
2 41103   1.9489  91.0646 0001960 110.9503 271.6610  1.00273408 18112
ELEKTRO-L 2             
1 41105U 15074A   20306.58522785 -.00000104  00000-0  00000-0 0  9997
2 41105   1.5250  95.3745 0003186 114.3506  27.7830  1.00271714 17926
COSMOS 2513             
1 41121U 15075A   20309.47547833 -.00000127  00000-0  00000-0 0  9993
2 41121   0.0547  97.0013 0003748 148.2299  50.4050  1.00272766 17962
EXPRESS-AMU1            
1 41191U 15082A   20309.90997093  .00000167  00000-0  00000-0 0  9996
2 41191   0.0185 274.4494 0002821 309.2263 184.6441  1.00271997 17714
GAOFEN 4                
1 41194U 15083A   20309.95396591 -.00000323  00000-0  00000-0 0  9996
2 41194   0.0711 286.3483 0003754 279.3305 288.1452  1.00271809 17930
BELINTERSAT-1           
1 41238U 16001A   20309.90040488  .00000119  00000-0  00000-0 0  9994
2 41238   0.0671  75.8239 0001703 103.3531 241.0881  1.00269416 17691
IRNSS-1E                
1 41241U 16003A   20309.84216149 -.00000272  00000-0  00000-0 0  9993
2 41241  28.6930  93.9698 0020442 179.2058 186.2403  1.00266732 17526
EUTELSAT 9B             
1 41310U 16005A   20309.60484931  .00000075  00000-0  00000-0 0  9992
2 41310   0.0853  81.0218 0006005 180.9535   9.1214  1.00273870 17552
SES-9                   
1 41380U 16013A   20309.45553062 -.00000333  00000-0  00000-0 0  9991
2 41380   0.0175 276.7429 0000831 249.5914 150.1462  1.00270639 16873
EUTELSAT 65 WEST A      
1 41382U 16014A   20309.87711287 -.00000264  00000-0  00000-0 0  9998
2 41382   0.0555  19.2574 0001762 204.1070  71.8075  1.00271738 16984
IRNSS-1F                
1 41384U 16015A   20309.89665373  .00000173  00000-0  00000-0 0  9995
2 41384   2.0368 207.4923 0018165 183.0136   9.5176  1.00278423 17138
BEIDOU IGSO-6           
1 41434U 16021A   20309.69002683 -.00000148  00000-0  00000-0 0  9998
2 41434  57.2402  59.0229 0042510 204.7829 124.3799  1.00271999 16920
IRNSS-1G                
1 41469U 16027A   20309.70063442 -.00000321  00000-0  00000-0 0  9997
2 41469   2.0449 210.8175 0002471 299.3730 275.9079  1.00277645 16633
JCSAT-2B                
1 41471U 16028A   20309.75093177 -.00000153  00000-0  00000-0 0  9997
2 41471   0.0219 264.7470 0002068 324.1279 239.9029  1.00271078 16552
THAICOM 8               
1 41552U 16031A   20309.91368927 -.00000110  00000-0  00000-0 0  9990
2 41552   0.1065  84.9011 0001186 256.4946 110.6458  1.00273631 16168
INTELSAT 31 (IS-31)     
1 41581U 16035A   20309.71490741 -.00000139  00000-0  00000+0 0  9994
2 41581   0.0187 252.3591 0001846 333.3923 341.0052  1.00270772 16131
BEIDOU-2 G7             
1 41586U 16037A   20309.89424477 -.00000342  00000-0  00000-0 0  9990
2 41586   1.7794  67.8220 0007491 356.5499  52.7434  1.00269550 16236
ABS-2A (MONGOLSAT-1)    
1 41588U 16038A   20309.90502840 -.00000072  00000-0  00000-0 0  9996
2 41588   0.0144 276.5949 0000862  33.3120 135.2740  1.00269859 16141
EUTELSAT 117 WEST B     
1 41589U 16038B   20309.62535980  .00000000  00000-0  00000+0 0  9996
2 41589   0.0135 121.5338 0000431 336.1729  54.7542  1.00272000 16141
BRISAT                  
1 41591U 16039A   20309.83175038 -.00000184  00000-0  00000-0 0  9992
2 41591   0.0157 282.5749 0002313 302.3165 269.6063  1.00271924 16062
ECHOSTAR 18             
1 41592U 16039B   20309.87789800 -.00000270  00000-0  00000-0 0  9991
2 41592   0.0188 266.6933 0001727 325.2752  67.3410  1.00272512 16073
MUOS-5                  
1 41622U 16041A   20309.63430644 -.00000129  00000-0  00000-0 0  9994
2 41622   6.9522 306.0643 0203433 222.3810 359.3020  1.00272726 16529
TIANTONG-1 1            
1 41725U 16048A   20309.91034979 -.00000309  00000-0  00000-0 0  9997
2 41725   2.8065 337.1714 0003550 315.3018 181.3133  1.00274681 15704
JCSAT-16                
1 41729U 16050A   20309.85604965 -.00000341  00000-0  00000-0 0  9991
2 41729   0.0138 264.7229 0000703  34.3400 158.2213  1.00564268 15519
USA 270                 
1 41744U 16052A   20307.17023243  .00000161  00000-0  00000+0 0  9995
2 41744   0.3092  94.7532 0001499 348.4533  59.2220  1.00340969  7558
USA 271                 
1 41745U 16052B   20293.47704588 -.00000363  00000-0  00000+0 0  9996
2 41745   0.4719  90.6938 0012811 159.8392  74.9006  1.00265398  7219
INTELSAT 36 (IS-36)     
1 41747U 16053A   20309.63868894 -.00000013  00000-0  00000-0 0  9999
2 41747   0.0147 313.6825 0002280  56.6199 332.4910  1.00271488 15406
INTELSAT 33E (IS-33E)   
1 41748U 16053B   20309.91465056  .00000060  00000-0  00000-0 0  9995
2 41748   0.0365  70.9835 0002070 157.9415 204.9802  1.00272782 15687
INSAT-3DR               
1 41752U 16054A   20309.90494116 -.00000066  00000-0  00000-0 0  9996
2 41752   0.0822  92.5028 0012785 172.5569 179.3575  1.00272799 15243
GSAT-18                 
1 41793U 16060A   20309.83314591 -.00000066  00000-0  00000-0 0  9998
2 41793   0.0044 127.3427 0002401  58.6601 232.5065  1.00272739 14978
SKY MUSTER 2            
1 41794U 16060B   20309.76355632 -.00000232  00000-0  00000-0 0  9997
2 41794   0.0115 270.2027 0001761 314.6694 239.2904  1.00270645 14966
HIMAWARI-9              
1 41836U 16064A   20309.89196716 -.00000263  00000-0  00000-0 0  9992
2 41836   0.0116  70.3313 0000567 210.4656 225.7034  1.00272083 14631
SHIJIAN-17 (SJ-17)      
1 41838U 16065A   20309.95857751 -.00000351  00000-0  00000-0 0  9993
2 41838   0.5730  93.8948 0003646 293.2328 120.1294  1.00268467 14659
GOES 16                 
1 41866U 16071A   20309.45052078 -.00000237  00000-0  00000+0 0  9997
2 41866   0.0128 273.1834 0001822   3.7661 214.2514  1.00276703 14541
TIANLIAN 1-04           
1 41869U 16072A   20309.90555181 -.00000096  00000-0  00000-0 0  9998
2 41869   0.1159  89.6639 0014393  16.2355 341.8097  1.00271452 14749
WGS F8 (USA 272)        
1 41879U 16075A   20309.83205135 -.00000190  00000-0  00000-0 0  9990
2 41879   0.0119 309.9337 0000121 141.0323  42.9379  1.00270449 14280
FENGYUN 4A              
1 41882U 16077A   20309.95396591 -.00000318  00000-0  00000-0 0  9998
2 41882   0.1441 285.9216 0003955 123.9198  82.8863  1.00272079 14427
ECHOSTAR 19             
1 41893U 16079A   20309.64156635 -.00000126  00000-0  00000+0 0  9997
2 41893   0.0278 263.6951 0001649 321.9361 312.5545  1.00270621 14178
JCSAT-15                
1 41903U 16082A   20309.33781993 -.00000339  00000-0  00000-0 0  9997
2 41903   0.0149 275.6250 0001628 319.3575  40.7683  1.00270755 14190
STAR ONE D1             
1 41904U 16082B   20309.80165373 -.00000199  00000-0  00000-0 0  9992
2 41904   0.0109 306.1464 0002363 282.5496  20.4252  1.00271800 14216
TJS-2                   
1 41911U 17001A   20309.89771912 -.00000331  00000-0  00000-0 0  9991
2 41911   0.4395  96.0486 0002342 292.4707  86.7805  1.00276400 14171
SBIRS GEO-4 (USA 273)   
1 41937U 17004A   20309.71476667  .00000139  00000-0  00000-0 0  9997
2 41937   3.5172 312.2780 0002629 268.5112 281.5724  1.00272674 14048
HISPASAT 36W-1          
1 41942U 17006A   20309.88295769 -.00000232  00000-0  00000-0 0  9990
2 41942   0.0017  45.7207 0001038 168.8695 111.8866  1.00271819 13677
TELKOM 3S               
1 41944U 17007A   20309.90466074 -.00000351  00000-0  00000-0 0  9997
2 41944   0.0180 281.3710 0002384 315.0763 251.8597  1.00269557 13586
INTELSAT 32E (IS-32E)   
1 41945U 17007B   20309.66608897 -.00000257  00000-0  00000-0 0  9997
2 41945   0.0099 273.3603 0000407 292.4315  35.1823  1.00267658 13678
ECHOSTAR 23             
1 42070U 17014A   20309.87658946 -.00000258  00000-0  00000-0 0  9999
2 42070   0.0136 263.3171 0001999 321.6681  67.2550  1.00268045 13378
WGS F9 (USA 275)        
1 42075U 17016A   20309.90145171  .00000085  00000-0  00000-0 0  9998
2 42075   0.0183 263.4977 0000203 343.6467 178.7339  1.00269045 13344
SES-10                  
1 42432U 17017A   20309.87685118 -.00000260  00000-0  00000-0 0  9998
2 42432   0.0133 298.9757 0003040 294.2347  60.1533  1.00269647 13185
CHINASAT 16 (SJ-13)     
1 42662U 17018A   20309.45801219 -.00000340  00000-0  00000+0 0  9998
2 42662   0.0410  73.8284 0007753 154.9657  90.8028  1.00269887 13178
KOREASAT 7              
1 42691U 17023A   20309.90466074 -.00000350  00000-0  00000-0 0  9994
2 42691   0.0185 353.6224 0001948 195.8557 296.7199  1.00271086 12815
SGDC                    
1 42692U 17023B   20309.08624914 -.00000237  00000-0  00000+0 0  9996
2 42692   0.0144  69.7130 0002339 154.3530 135.9153  1.00270186 12889
GSAT-9                  
1 42695U 17024A   20309.83776944 -.00000275  00000-0  00000-0 0  9997
2 42695   0.0698 101.8370 0002030 123.7164 217.9153  1.00271549 12741
INMARSAT 5-F4           
1 42698U 17025A   20309.47068035  .00000087  00000-0  00000-0 0  9996
2 42698   0.0184 272.8009 0000426  36.0681 321.2716  1.00272025 12697
SES-15                  
1 42709U 17026A   20309.61211269  .00000072  00000-0  00000-0 0  9999
2 42709   0.0288  49.0682 0000628 192.8394 253.6405  1.00268005 13598
QZS-2 (MICHIBIKI-2)     
1 42738U 17028A   20309.20905156 -.00000197  00000-0  00000-0 0  9992
2 42738  42.7634 272.4726 0744663 270.8990  73.4598  1.00250440 12574
VIASAT-2                
1 42740U 17029A   20309.88105076 -.00000253  00000-0  00000-0 0  9996
2 42740   0.0221 272.0447 0000343   4.8181  15.0215  1.00272069 12624
EUTELSAT 172B           
1 42741U 17029B   20309.82015682  .00000006  00000-0  00000-0 0  9999
2 42741   0.0123 262.2487 0000195  29.3044 220.2523  1.00270793 13160
GSAT-19                 
1 42747U 17031A   20309.89970699  .00000137  00000-0  00000-0 0  9998
2 42747   0.1086  97.7377 0003811  57.7934 260.8606  1.00273635 12579
ECHOSTAR 21             
1 42749U 17032A   20309.82040948  .00000073  00000-0  00000-0 0  9998
2 42749   5.2209 312.0542 0002431 271.6954 126.3971  1.00272846 12559
CHINASAT 9A (ZX 9A)     
1 42763U 17035A   20308.69355248 -.00000300  00000-0  00000-0 0  9997
2 42763   0.0371 141.3188 0001799  63.1649 189.9917  1.00268086 13083
BULGARIASAT-1           
1 42801U 17038A   20309.89054722  .00000024  00000-0  00000-0 0  9991
2 42801   0.0228 117.4124 0002653 105.0635 144.6371  1.00273048 12267
HELLAS-SAT 3            
1 42814U 17040A   20309.82688389  .00000164  00000-0  00000-0 0  9998
2 42814   0.0438 354.8042 0000921 278.8316 107.6315  1.00275661 12272
GSAT-17                 
1 42815U 17040B   20309.83698431 -.00000246  00000-0  00000-0 0  9991
2 42815   0.1004 100.5029 0005655 152.7486 186.1276  1.00271336 12229
INTELSAT 35E (IS-35E)   
1 42818U 17041A   20309.88330662 -.00000226  00000-0  00000-0 0  9997
2 42818   0.0210 181.4095 0002246  58.4742  88.2245  1.00271619 12313
COSMOS 2520             
1 42907U 17046A   20309.89909634  .00000149  00000-0  00000-0 0  9996
2 42907   0.0198 139.6947 0001016 273.4219   0.1644  1.00271534 11838
TDRS 13                 
1 42915U 17047A   20309.88775566 -.00000093  00000-0  00000-0 0  9999
2 42915   5.3633 330.3797 0012061 105.7288 276.4897  1.00272657 11797
QZS-3 (MICHIBIKI-3)     
1 42917U 17048A   20309.91540948 -.00000336  00000-0  00000-0 0  9990
2 42917   0.0493 202.2448 0002126  34.5933 264.3947  1.00271399 11707
AMAZONAS 5              
1 42934U 17053A   20309.34217456 -.00000270  00000-0  00000-0 0  9994
2 42934   0.0325 313.3842 0003503 300.8887 212.0079  1.00270876 11524
ASIASAT 9               
1 42942U 17057A   20308.00674436 -.00000348  00000-0  00000-0 0  9990
2 42942   0.0008 243.9691 0002320 340.0392 303.2814  1.00270750 11367
INTELSAT 37E (IS-37E)   
1 42950U 17059A   20309.88653435 -.00000128  00000-0  00000-0 0  9990
2 42950   0.0146 268.4114 0003161 318.0708 119.2687  1.00270969 11490
BSAT-4A                 
1 42951U 17059B   20309.89771912 -.00000339  00000-0  00000-0 0  9997
2 42951   0.1001  75.4296 0000483 276.7568 125.4591  1.00271814 11243
QZS-4 (MICHIBIKI-4)     
1 42965U 17062A   20309.52425119 -.00000301  00000-0  00000+0 0  9999
2 42965  40.8304   9.7632 0751007 270.4995  91.7305  1.00267981 11247
SES-11 (ECHOSTAR 105)   
1 42967U 17063A   20309.63461269 -.00000077  00000-0  00000-0 0  9991
2 42967   0.0104 241.1453 0002694 354.6165 292.1212  1.00270049 11224
KOREASAT 5A             
1 42984U 17067A   20309.90466074 -.00000346  00000-0  00000-0 0  9992
2 42984   0.0104 195.5456 0002046   8.2085 279.7063  1.00271018 10986
ALCOMSAT 1              
1 43039U 17078A   20309.88522581 -.00000174  00000-0  00000-0 0  9998
2 43039   0.0407 158.8866 0002160  57.7446 121.8502  1.00270502 10722
SBIRS GEO-3 (USA 282)   
1 43162U 18009A   20309.82822887 -.00000283  00000-0  00000-0 0  9997
2 43162   4.6909 317.0414 0002590 263.2751 261.3752  1.00272088 10283
AL YAH 3                
1 43174U 18012A   20309.88618542 -.00000143  00000-0  00000-0 0  9996
2 43174   0.0134 284.0670 0002141 306.8470 112.6431  1.00271110 10295
SES-14                  
1 43175U 18012B   20309.88068955 -.00000266  00000-0  00000-0 0  9990
2 43175   0.0133 284.7409 0001195 307.1852  82.2304  1.00271776 10501
GOES 17                 
1 43226U 18022A   20309.66272086  .00000110  00000-0  00000-0 0  9993
2 43226   0.0290 275.0086 0000527 332.3546 258.3945  1.00272091  9858
HISPASAT 30W-6          
1 43228U 18023A   20309.88417898 -.00000204  00000-0  00000-0 0  9997
2 43228   0.0524  60.4373 0002332 160.2760 112.2380  1.00271039  9916
SUPERBIRD 8             
1 43271U 18033A   20309.82270304 -.00000080  00000-0  00000-0 0  9991
2 43271   0.0108 236.1108 0001376  17.3368 249.2825  1.00271633  9491
HYLAS 4                 
1 43272U 18033B   20309.32098337 -.00000221  00000-0  00000+0 0  9997
2 43272   0.0663 110.6842 0004141  81.5950 293.8259  1.00271384  9514
IRNSS-1I                
1 43286U 18035A   20309.01858838  .00000126  00000-0  00000+0 0  9993
2 43286  28.6209 107.0915 0020931 179.0645 179.3899  1.00276984  9509
USA 283                 
1 43339U 18036A   20308.49910501 -.00000305  00000-0  00000+0 0  9990
2 43339   0.0067  42.4417 0001082 221.8463  92.7326  1.00270014  4734
COSMOS 2526             
1 43432U 18037A   20309.91567119 -.00000333  00000-0  00000-0 0  9998
2 43432   0.0189 149.2870 0000714 265.3362  87.7155  1.00272165  9417
APSTAR 6C               
1 43450U 18041A   20306.25599919 -.00000308  00000-0  00000+0 0  9991
2 43450   0.0212 264.6522 0002861 347.9125  14.6058  1.00268500  9249
BANGABANDHUSAT-1        
1 43463U 18044A   20309.90466074 -.00000351  00000-0  00000-0 0  9997
2 43463   0.0157 278.4562 0002626 313.7518 257.1972  1.00271008  9150
SES-12                  
1 43488U 18049A   20309.90912848 -.00000258  00000-0  00000-0 0  9990
2 43488   0.0518  80.3155 0002493 177.7256 208.8764  1.00271051  8873
FENGYUN 2H              
1 43491U 18050A   20309.93660485 -.00000113  00000-0  00000-0 0  9996
2 43491   0.3295 266.3327 0003091 250.7608 303.6296  1.00268720  8959
BEIDOU IGSO-7           
1 43539U 18057A   20309.99834135 -.00000087  00000-0  00000-0 0  9997
2 43539  55.0459 180.9827 0030893 213.8959 124.0037  1.00282601  8598
TELSTAR 19V             
1 43562U 18059A   20309.87754905 -.00000268  00000-0  00000-0 0  9999
2 43562   0.0141 234.0310 0002813 311.0791 112.4081  1.00270707  8590
TELKOM 4 (MERAH PUTIH)  
1 43587U 18064A   20309.91165833 -.00000332  00000-0  00000-0 0  9995
2 43587   0.0169 281.6333 0001701 326.3184 232.8727  1.00270355  8313
TELSTAR 18V (APSTAR 5C) 
1 43611U 18069A   20309.82822887 -.00000282  00000-0  00000-0 0  9991
2 43611   0.0176 273.6517 0002129 308.5814 258.4913  1.00271576  8071
AZERSPACE 2 (IS-38)     
1 43632U 18074A   20309.89918358  .00000148  00000-0  00000-0 0  9996
2 43632   0.0125 259.9127 0001618 338.7786 174.7462  1.00272365  7937
HORIZONS 3E             
1 43633U 18074B   20309.70848566 -.00000018  00000-0  00000-0 0  9997
2 43633   0.0024 320.3011 0000590 318.3246 189.8757  1.00271573  7781
AEHF-4 (USA 288)        
1 43651U 18079A   20309.71668587  .00000138  00000-0  00000-0 0  9998
2 43651   3.5977 311.4006 0004836 251.3224 309.6790  1.00269362  7737
BEIDOU-3 G1             
1 43683U 18085A   20309.89196716 -.00000266  00000-0  00000-0 0  9992
2 43683   1.4717 248.1327 0004728 355.2823 262.3756  1.00272331  7504
GSAT-29                 
1 43698U 18089A   20309.90110278  .00000096  00000-0  00000-0 0  9993
2 43698   0.0669  95.7904 0003530 136.5541 191.7556  1.00274234  7221
ES'HAIL 2               
1 43700U 18090A   20309.89525795  .00000156  00000-0  00000-0 0  9998
2 43700   0.0125 273.3726 0002115 335.6783 143.6727  1.00273305  7118
GEO-KOMPSAT-2A          
1 43823U 18100A   20309.71035656 -.00000332  00000-0  00000-0 0  9996
2 43823   0.0085 115.5695 0000763  32.9088 279.9537  1.00270680  7051
GSAT-11                 
1 43824U 18100B   20309.90494116 -.00000066  00000-0  00000-0 0  9992
2 43824   0.0372 266.1291 0005558 227.9246 310.3471  1.00272455  6952
GSAT-7A                 
1 43864U 18105A   20309.90267302  .00000038  00000-0  00000-0 0  9994
2 43864   0.0644 277.0276 0003203 299.6343 215.6897  1.00272310  6905
COSMOS 2533             
1 43867U 18107A   20309.90415603 -.00000027  00000-0  00000-0 0  9997
2 43867   0.0261 121.3326 0000342 253.0790  65.7239  1.00271547  6850
TJS-3                   
1 43874U 18110A   20309.91226898 -.00000341  00000-0  00000-0 0  9995
2 43874   0.0240 344.8268 0001342 324.3507 174.5936  1.00266711  6862
TJS-3 AKM               
1 43917U 18110C   20309.91465056  .00000069  00000-0  00000-0 0  9990
2 43917   0.2335 108.2361 0002195  97.2101 227.5230  1.00268456  6792
CHINASAT 2D (ZX 2D)     
1 43920U 19001A   20309.70072166 -.00000325  00000-0  00000-0 0  9993
2 43920   0.0199 326.7314 0000953  87.2635  12.6596  1.00267545 33514
HELLAS-SAT 4 & SGS-1    
1 44034U 19007A   20309.90786442  .00000164  00000-0  00000-0 0  9997
2 44034   0.0650 119.9268 0005472  52.0598 238.5047  1.00269982  6799
GSAT-31                 
1 44035U 19007B   20309.89970699  .00000137  00000-0  00000-0 0  9995
2 44035   0.0249 278.8446 0005050 323.8356 173.7252  1.00269992  6418
NUSANTARA SATU          
1 44048U 19009A   20309.71924282 -.00000223  00000-0  00000-0 0  9996
2 44048   0.0210 267.9477 0002224 319.0656 222.3266  1.00269253  6206
CHINASAT 6C (ZX 6C)     
1 44067U 19012A   20309.70072166 -.00000325  00000-0  00000-0 0  9998
2 44067   0.0603 257.9758 0003454 353.7254 175.0194  1.00272092  6174
WGS 10 (USA 291)        
1 44071U 19014A   20309.90214962  .00000058  00000-0  00000-0 0  9991
2 44071   0.1202  95.8474 0001604 139.4895 194.3881  1.00270071  6075
TIANLIAN 2-01           
1 44076U 19017A   20309.96507751 -.00000126  00000-0  00000-0 0  9993
2 44076   1.6770 285.0650 0032600 222.0208 325.0877  1.00271618  6056
ARABSAT-6A              
1 44186U 19021A   20309.89621755  .00000165  00000-0  00000-0 0  9995
2 44186   0.0450 328.9378 0006828 282.3929 146.4372  1.00271435  5637
BEIDOU-3 IGSO-1         
1 44204U 19023A   20309.74493729 -.00000199  00000-0  10000-3 0  9992
2 44204  55.6984  59.3753 0019629 182.4132 181.0681  1.00251812  5801
BEIDOU-2 G8             
1 44231U 19027A   20309.96408444 -.00000235  00000-0  00000-0 0  9997
2 44231   0.6754 303.2584 0008392 273.0737 319.9928  1.00273690  5525
YAMAL 601               
1 44307U 19031A   20309.89988146  .00000131  00000-0  00000-0 0  9994
2 44307   0.0151 277.1801 0002080 317.6267 182.7780  1.00272998  5382
AT&T T-16               
1 44333U 19034A   20309.63807928 -.00000103  00000-0  00000-0 0  9996
2 44333   0.0159 270.2482 0000234 192.7964  70.1731  1.00270054  5087
EUTELSAT 7C             
1 44334U 19034B   20309.89150681  .00000060  00000-0  00000-0 0  9993
2 44334   0.0105 258.3106 0003226 312.8227 161.4291  1.00269357  5551
BEIDOU-3 IGSO-2         
1 44337U 19035A   20309.57479677 -.00000058  00000-0  00000+0 0  9998
2 44337  55.0718 177.0310 0014136 178.4002 359.9548  1.00249589  5135
COSMOS 2539             
1 44457U 19048A   20309.81438514  .00000093  00000-0  00000-0 0  9996
2 44457   0.0035 194.0198 0000619 202.2831 313.4071  1.00270826  4661
EDRS-C                  
1 44475U 19049A   20309.78975485  .00000167  00000-0  00000-0 0  9998
2 44475   0.0629 281.9694 0000620 312.7867 125.2787  1.00275773  4631
INTELSAT 39 (IS-39)     
1 44476U 19049B   20309.90249854  .00000045  00000-0  00000-0 0  9992
2 44476   0.0169 276.0332 0000145 281.8280 233.6146  1.00271086  4593
AMOS-17                 
1 44479U 19050A   20309.89351323  .00000122  00000-0  00000-0 0  9996
2 44479   0.0141 285.0497 0002237 304.0412 154.2057  1.00274024  4636
AEHF-5 (USA 292)        
1 44481U 19051A   20309.68562983  .00000091  00000-0  00000-0 0  9998
2 44481   5.6811 307.3537 0003839 282.0494 116.3085  1.00273935  4710
EUTELSAT 5 WEST B       
1 44624U 19067A   20309.88915144 -.00000030  00000-0  00000-0 0  9991
2 44624   0.0636  34.0369 0003089 151.6030 174.0853  1.00271318  3899
TJS-4                   
1 44637U 19070A   20309.90677312 -.00000158  00000-0  00000-0 0  9995
2 44637   0.0699  81.1251 0003281 246.2266 127.2266  1.00270556  4017
BEIDOU-3 IGSO-3         
1 44709U 19073A   20309.91174557 -.00000150  00000-0  10000-3 0  9998
2 44709  58.1881 302.4630 0021961 197.4311 339.7869  1.00289727  3891
TIBA-1                  
1 44800U 19080A   20309.90997093  .00000167  00000-0  00000-0 0  9998
2 44800   0.0591 346.1290 0002338 234.1071 187.5041  1.00274029  3499
INMARSAT GX5            
1 44801U 19080B   20309.92480498  .00000087  00000-0  00000-0 0  9998
2 44801   0.0470  68.3475 0001955 170.1472 150.0734  1.00271862  3544
JCSAT-18 (KACIFIC 1)    
1 44868U 19091A   20309.83205135 -.00000189  00000-0  00000-0 0  9990
2 44868   0.0142 265.2195 0000896 357.2892 231.5845  1.00271778  3462
ELEKTRO-L 3             
1 44903U 19095A   20309.90529010 -.00000085  00000-0  00000-0 0  9998
2 44903   0.0551  24.0546 0001145 212.9185 209.5466  1.00270975  3166
SHIJIAN-20 (SJ-20)      
1 44910U 19097A   20309.95602659 -.00000343  00000-0  00000-0 0  9991
2 44910   0.4756  94.8509 0027374 164.1795 254.4807  1.00267899  3143
TJS-5                   
1 44978U 20002A   20309.95295830  .00000054  00000-0  00000-0 0  9990
2 44978   0.3188 281.5830 0001665 321.9178 322.7601  1.00268348  3141
GSAT-30                 
1 45026U 20005A   20309.33241130 -.00000153  00000-0  00000-0 0  9995
2 45026   0.1197  92.8222 0001833  18.4090 135.5046  1.00272183  2964
EUTELSAT KONNECT        
1 45027U 20005B   20309.81438514  .00000063  00000-0  00000+0 0  9991
2 45027   0.0084  73.0378 0001292 235.3818  36.5485  1.00275676  3776
JCSAT-17                
1 45245U 20013A   20309.45480351 -.00000309  00000-0  00000+0 0  9992
2 45245   6.7546 344.0335 0003205 225.3544 134.5088  1.00272671  2688
GEO-KOMPSAT-2B          
1 45246U 20013B   20309.71035656 -.00000332  00000-0  00000+0 0  9992
2 45246   0.0197 271.2392 0000827  27.6173 129.6704  1.00259417  2694
BEIDOU-3 G2             
1 45344U 20017A   20309.90607522 -.00000131  00000-0  00000-0 0  9991
2 45344   2.7482 330.9721 0001761 245.1950 234.6601  1.00271282  2705
AEHF-6 (USA 298)        
1 45465U 20022B   20309.57935067 -.00000154  00000-0  00000-0 0  9997
2 45465   7.2662 308.0102 0003180 298.4409 272.1422  1.00270323  2450
BEIDOU-3 G3             
1 45807U 20040A   20309.91218175 -.00000344  00000-0  00000-0 0  9990
2 45807   2.8045 298.5861 0007798 356.2268 188.7509  1.00268786  1510
APSTAR 6D               
1 45863U 20045A   20309.62971155 -.00000305  00000-0  10000-3 0  9990
2 45863   0.0673 105.2426 0001325  92.9377 206.9105  1.00272879  1305
KOREASAT 116            
1 45920U 20048A   20309.90466074 -.00000350  00000-0  00000-0 0  9993
2 45920   0.0304 282.5922 0001096 306.5069 257.4378  1.00272645  1086
2020-053A               
1 45985U 20053A   20307.97564830 -.00000311  00000-0  10000-3 0  9995
2 45985   0.3210 261.2250 2006087 199.2680  34.2420  1.00228348  1065
2020-053B               
1 45986U 20053B   20308.04255830 -.00000147  00000-0  10000-3 0  9999
2 45986   0.3050 259.7850 1834751 200.5610  35.6300  1.00293709  1066
BSAT-4B                 
1 46112U 20056A   20309.91200729 -.00000338  00000-0  00000-0 0  9996
2 46112   0.1050 102.4925 0002661  73.9066 306.3114  1.00272531   831
GALAXY 30               
1 46114U 20056C   20309.69164911 -.00000167  00000-0  00000-0 0  9995
2 46114   0.0139 269.4504 0002565 347.6463 120.8577  1.00269793   863
